5.385479686460100876e-04	3.006709054800023040e-01
9.923590240951310048e-04	-3.798217931433911509e-02
1.311009715741905113e-03	-1.352807681826199149e-01
1.979840978384719667e-03	4.012795527583956634e-02
2.432985133682072278e-03	-1.008033017766478689e-01
2.752540489882549825e-03	-8.633055771404518630e-02
3.421423944711155050e-03	-4.210554439170643981e-02
3.874475313900435213e-03	-6.782261838987768687e-01
4.193502949111252258e-03	-1.367136867457575677e-01
4.862531382233720167e-03	1.881497914033929408e-01
5.316156865466697273e-03	5.331400495566418485e-02
5.635955785200864182e-03	-4.906318703301619788e-01
6.304265125985772898e-03	4.406691323673239680e-02
6.757542661313478867e-03	-3.409756947711901631e-01
7.077057423591675070e-03	-1.736057730351256989e-01
7.745691515754836269e-03	-3.020736516045363640e-02
8.199299601592550252e-03	-9.794506987583917468e-02
8.518077874137922403e-03	-3.495177138132143924e-02
9.187077311601617863e-03	2.703520681565474426e-02
9.640383842588097149e-03	-2.227537977702137573e-01
9.959730430045412447e-03	-2.397227806823006846e-01
1.062818474912418341e-02	1.667722082567548725e-01
1.108165365579978807e-02	-2.870816173231229840e-01
1.140004338651760991e-02	6.129286488043561576e-04
1.206972132239658192e-02	1.555893906456633502e-01
1.252315543428166034e-02	2.761869225814028717e-02
1.284209028338440493e-02	-1.441952684950611463e-01
1.351097953734476526e-02	-1.100581734984718008e-02
1.396463401623651394e-02	-5.580810077019477955e-01
1.428353407054873229e-02	1.349419875481878695e-01
1.495249291409014684e-02	3.241766972870590013e-01
1.540556747980644479e-02	-1.194930257538023843e-01
1.572416018013567465e-02	-3.409989808739068984e-01
1.639366994119376489e-02	-7.687138213031263767e-02
1.684700546783901576e-02	-3.629279036646676504e-01
1.716526181852648381e-02	-2.981758379777500467e-01
1.783524130925669138e-02	8.747208944988038581e-04
1.828930752650301250e-02	-4.446113573604644209e-01
1.860782483811943347e-02	-1.373983922508942301e-01
1.927655751552241961e-02	5.195356520404430523e-01
1.973000322567100562e-02	-1.956845266080137202e-01
2.004915264264866756e-02	-1.757715373965587080e-01
2.071789691831516650e-02	2.503587324178480067e-01
2.117076851442005470e-02	-3.842627956229918151e-01
2.149013249927263572e-02	-4.342142693061949998e-01
2.215914353499983877e-02	7.308804771067030082e-01
2.261234568161473585e-02	-2.350864941100739847e-01
2.293200542218679430e-02	-6.293069023281461227e-02
2.360038435255275985e-02	3.668442074765059235e-01
2.405409682276205344e-02	1.211938568233241753e-01
2.437303167186479630e-02	1.896472367764159284e-01
2.504189193016638504e-02	3.050689211224097974e-01
2.549542462729129100e-02	-2.587081676000108077e-01
2.581475961648509523e-02	-2.631047719634657112e-01
2.648312694858755145e-02	-7.677864771004183631e-03
2.693755271200264784e-02	-2.912228586005558562e-01
2.725591924619345102e-02	4.788316833316197396e-02
2.792480850015381308e-02	-2.076442532824741560e-01
2.837832959901520624e-02	-1.934416123305089386e-01
2.869732243943549574e-02	-3.093947216065174866e-01
2.936628708210866495e-02	1.975624731860781136e-01
2.981976758704777894e-02	-1.070172414090327928e-01
3.013893440142070487e-02	-1.519620069971626686e-01
3.080792224062089274e-02	2.831685375282446682e-01
3.126092141762438353e-02	-5.451098644448392205e-01
3.158165399757102698e-02	-7.523618025064560122e-02
3.224916305817381035e-02	5.860620873926247754e-01
3.270249278568730655e-02	-4.483706908724648388e-01
3.302131165215495961e-02	-2.208891062519876547e-01
3.369042707225374661e-02	1.532250279738545107e-01
3.414380319282128012e-02	-7.501703999107189880e-02
3.446146223293803518e-02	-5.868287991672191950e-01
3.513158090283034773e-02	-2.840735726088516877e-02
3.558531077043490531e-02	-3.800487558729241933e-01
3.590367730462570850e-02	4.661482057676691326e-02
3.657300149346765644e-02	-1.274610283154121726e-01
3.702663277583238821e-02	-3.100680584756477787e-01
3.734557342406688574e-02	-3.334353097321975934e-01
3.801454386587180961e-02	7.489192878691954824e-01
3.846802437081092707e-02	-4.608612936462361809e-01
3.878722597997438098e-02	-1.496094833876779884e-01
3.945606304174894413e-02	3.825578577603154784e-01
3.990935797447191929e-02	-3.313931890878762943e-01
4.022871616019273872e-02	1.889738215028993196e-01
4.089695591139659581e-02	1.613320415122887486e-01
4.135069737726466271e-02	-2.260401960243434427e-01
4.167006716124899840e-02	-2.532106088448083936e-01
4.233867805688514008e-02	9.591832120979226772e-02
4.279233833490864169e-02	-1.779623127572059760e-01
4.311066427517716571e-02	1.173632537242208507e-01
4.377969270829963622e-02	2.450759232765891138e-01
4.423335878545488903e-02	-4.800737396665314405e-01
4.455222404497657940e-02	2.581028120523225500e-01
4.522133946507536639e-02	2.521587403174161413e-01
4.567418206552148474e-02	-1.496468822799201792e-01
4.599446231319127831e-02	2.701014273023638612e-01
4.666270786352688660e-02	1.538005161689426359e-01
4.711622316325652510e-02	-2.709643592275545743e-02
4.743523920020383672e-02	2.202519969278675660e-01
4.810412845416419531e-02	1.920855347844598882e-01
4.855757996344453598e-02	-2.762056744798209174e-01
4.887620165943253742e-02	-1.223914791047583384e-01
4.954558383959203199e-02	-2.010424471513017064e-01
4.999954567246676918e-02	-3.103342413669726296e-01
5.031781362141774655e-02	-4.290487531267689336e-01
5.098701602849285003e-02	4.340903950944789980e-01
5.144056612301301651e-02	-5.408051892242645708e-01
5.175901964418013618e-02	-1.145722880682544798e-01
5.242817565820120235e-02	-1.543398552234067633e-01
5.288177794490716427e-02	2.930694434241196689e-01
5.320007488951691149e-02	2.793101008720220157e-01
5.386982821410869759e-02	3.853963921915104507e-02
5.432318693728096365e-02	-6.396923473310578423e-02
5.464263790910985769e-02	2.012299951617777527e-01
5.531104583513459655e-02	-3.565529998273078149e-01
5.576464232270880034e-02	-1.117341276903260905e-01
5.675243743011312847e-02	4.033960187295415611e-01
5.720613250292716501e-02	-3.001851071842245311e-01
5.819366085027078556e-02	-9.002740293020294882e-02
5.864707176562884705e-02	-1.991241270328794055e-01
5.963518582527967821e-02	-2.130674242437891053e-02
6.008885770156668915e-02	9.995254049999147128e-02
6.107651942894067043e-02	1.058902614796113362e-01
6.153034788178505382e-02	-1.593977221805091826e-01
6.251791102391920929e-02	2.314172519564385855e-01
6.297147851583463629e-02	-3.056940345754334265e-01
6.395940120413756702e-02	7.622533470615988627e-02
6.441300928997528707e-02	-1.541058965348314214e-01
6.540072900866680805e-02	8.636114014324514088e-02
6.585397174920398777e-02	-1.844057420281499660e-01
6.684215539843586795e-02	1.280650604256576841e-01
6.729550252334462468e-02	2.539735666459863594e-01
6.828339621598879250e-02	4.350768790822989729e-01
6.873707969053931277e-02	-5.345634160347602082e-01
6.972495598578820619e-02	1.105797846301030951e-01
7.017858146902118677e-02	-4.641906967062249256e-01
7.116649255906060123e-02	-9.914741910767577160e-03
7.161960191956742716e-02	-5.213480431144774663e-01
7.260769278269124660e-02	2.142173681268404462e-01
7.306115589023509660e-02	-2.938595197058170294e-01
7.404893939937591540e-02	-1.010545094301984470e-01
7.450268086524397537e-02	-5.592007399442024962e-01
7.549044117785778940e-02	-1.063949457953522471e-01
7.594389268713812313e-02	5.141812596945365410e-01
7.693185596936334691e-02	6.529218981951487866e-01
7.738526688472140147e-02	-5.573744665752398131e-01
7.837307938952099706e-02	-1.744693189453029314e-01
7.882683825278433143e-02	-2.562895490929159026e-01
7.981430860881040534e-02	1.903949794080990188e-01
8.026762093892864103e-02	-3.018461041069685491e-01
8.125586257947807478e-02	4.183428741158088382e-01
8.170969683145420936e-02	-9.055600530231244782e-02
8.269714979008502276e-02	4.031358729759582094e-01
8.315089125595309660e-02	-2.995802173442920768e-01
8.413873275641145510e-02	-8.659242836412606170e-02
8.459221326135057950e-02	-2.332363074033045880e-01
8.558030992360614320e-02	-8.737905957139024959e-02
8.603337869019068995e-02	-4.431670489277916847e-02
8.702168412118940766e-02	2.575168176694768718e-01
8.747495585738536417e-02	-1.394447467320657497e-01
8.846275096478969924e-02	5.118460634544133026e-01
8.891634165323214489e-02	1.137133727354280310e-01
8.990409616671420079e-02	2.242300002731241193e-01
9.035832475964963861e-02	-1.016724928026350172e-01
9.134561534259133531e-02	2.940705890321686500e-01
9.179880589094271959e-02	7.470176270385042727e-03
9.278702433496513469e-02	5.399700304204724244e-01
9.324024387897529575e-02	-1.122413256649890112e-01
9.422823615685928245e-02	1.524650542579160106e-01
9.468207040883541703e-02	-3.758098406988863438e-02
9.566938998743587663e-02	-4.897094606945751050e-02
9.612318364548974592e-02	-3.083365939783289100e-02
9.711128610687705387e-02	4.005598184612695345e-01
9.756463323178582447e-02	-3.292375388922771373e-01
9.855249212963945737e-02	2.343637671961669167e-01
9.900599583110558655e-02	-2.085169725058428902e-01
9.999359376803027000e-02	-2.588744028675293851e-02
1.004474918104557024e-01	3.585679793038765162e-02
1.014357508484003967e-01	-4.652253389558691499e-02
1.018884078766303658e-01	-2.462413213552737679e-01
1.028766959102338369e-01	2.135372884804924709e-01
1.033297820742136441e-01	-9.455384495729080019e-02
1.043180643086853571e-01	1.032721822138917833e-01
1.047718231719486776e-01	-3.681681392241917816e-01
1.057595428906402124e-01	3.370485021867866138e-01
1.062130639895016021e-01	-3.369395937757209136e-01
1.072006851229533042e-01	1.733689965072071626e-01
1.076538466756459117e-01	-2.267254503601839888e-01
1.086420999144588478e-01	4.838825118626253197e-01
1.087556005211581106e-01	4.577997067195793690e-02
1.090956152141884933e-01	-2.855528885999858435e-01
1.100836538851265173e-01	2.863985630286591810e-01
1.101969921161366495e-01	3.387868842387609103e-01
1.105370590013528276e-01	-1.017695574328146835e-01
1.115250512792368004e-01	4.506210011143685357e-02
1.116380937545274621e-01	3.458429474152113769e-02
1.119785143867806643e-01	-3.913677619029352073e-01
1.129665008655328928e-01	1.210411071102401870e-02
1.130795839347458198e-01	-1.089598668871931686e-01
1.134194536494823463e-01	-1.681164467404797636e-01
1.144077822770080827e-01	5.480635404358058516e-02
1.145210103245148797e-01	-6.606655206534095548e-02
1.148613207732647468e-01	-2.369376396381439598e-02
1.158490752867468027e-01	6.733465544312833284e-01
1.159623555264393813e-01	1.789230848248972716e-01
1.163025093986318759e-01	1.476178419180085299e-02
1.172906698513367374e-01	2.566151672275813755e-01
1.174039384927658136e-01	3.766028878157217097e-01
1.177438546005563774e-01	-5.205073128806996241e-01
1.187318990706261596e-01	-3.901364994212371817e-01
1.188452720964268128e-01	5.813491588885000283e-03
1.191853447807747352e-01	-5.806495926779435823e-01
1.201731456873108284e-01	1.366313668587548769e-01
1.202864549226621838e-01	-1.190834412400231246e-01
1.206269161488376651e-01	-4.311989542175309609e-01
1.216145778762116464e-01	-1.442633235023277338e-01
1.217278291202454621e-01	1.129635131853157226e-01
1.220676756384549561e-01	-1.725833014340163452e-01
1.230559868685854458e-01	3.889680435714888418e-01
1.231694642787576760e-01	2.933988202507633591e-01
1.235091194256192904e-01	1.347760054624926873e-01
1.244974480531450406e-01	2.495318013560503534e-01
1.246106297075977865e-01	4.233817492427749407e-02
1.249511953181448587e-01	-1.406954714702191023e-02
1.259386134819851510e-01	2.623079529045506675e-01
1.260522010756607303e-01	4.338634928006663838e-01
1.263923781443802297e-01	-3.034954187761609301e-01
1.273801674526528205e-01	-3.230112113668643925e-01
1.274935636749804924e-01	-7.267204320266718032e-02
1.278338625254668293e-01	-1.213916663712756305e-01
1.288214488641279964e-01	-1.012395437817527055e-01
1.289348682829827009e-01	6.068533625388721209e-01
1.292750337534387117e-01	-3.716336130965205431e-01
1.302628868521605865e-01	-1.316100316270839565e-01
1.303763236684105375e-01	2.059475870825473454e-01
1.307156076708398673e-01	-3.063090385811924055e-01
1.317041160714499948e-01	3.599501097933868188e-01
1.318175586868317040e-01	-7.008446324319983489e-02
1.321578691355815571e-01	-1.445116301935871483e-01
1.331456584438541479e-01	3.989787156081161523e-01
1.332590024739960244e-01	2.030317279578437439e-01
1.335988547913372904e-01	-5.287844639373002753e-01
1.345869050605388306e-01	-2.185847409043273348e-02
1.347005854403224567e-01	-1.048852693380741830e-01
1.350405363429035555e-01	-1.816308539899268437e-01
1.360285054242605096e-01	2.148819237047105979e-01
1.361417218735037904e-01	1.829644389142452976e-01
1.364813422255748698e-01	-4.497375537401853141e-01
1.374698564253167832e-01	4.980923660181257873e-01
1.375833396346207715e-01	-5.182909956587988809e-02
1.379233427293876380e-01	-3.710770203585190830e-01
1.389118453308660350e-01	6.980879813970020109e-02
1.390245920504371846e-01	4.218276354671552930e-01
1.393645545512817996e-01	-3.109861738386562324e-01
1.403527845935677032e-01	1.091917133759012781e-01
1.404663837855067987e-01	7.408470858782569834e-01
1.408070073873713968e-01	-3.563068100544771744e-01
1.417939326250125531e-01	-5.190738798990235381e-04
1.419073404456037413e-01	4.102543640125297930e-01
1.422475175143232407e-01	-1.711525781936937829e-01
1.432352952243323152e-01	3.001117253972547250e-01
1.433487494379775407e-01	-8.772388206212566875e-02
1.436887583318761652e-01	-3.829502669949439442e-01
1.446768201993412217e-01	9.579193333915458908e-02
1.447902744129864194e-01	1.111050940179900692e-01
1.451309038139828034e-01	-5.038463023978098088e-01
1.461180088247083508e-01	6.193547851179461716e-01
1.462320197550019962e-01	1.694705736139960894e-01
1.465710427965023488e-01	-2.917976411561676864e-01
1.475597831623826628e-01	2.498812497055746817e-01
1.476729068255178967e-01	-1.717816949889779954e-01
1.480129737107340471e-01	-5.824069485913910826e-01
1.490007456216113635e-01	2.297376731941529471e-01
1.491142230317836215e-01	5.365864107273905503e-01
1.494551191928406852e-01	2.201539914450527657e-01
1.504422358018297490e-01	4.348854155710721869e-01
1.505556610198161838e-01	3.195988219825900423e-01
1.508952697736237469e-01	-3.398428297942381882e-01
1.518835636063589623e-01	-5.410075509451803821e-01
1.519967510599434801e-01	2.514346578417159250e-02
1.523373108713587942e-01	-2.971771229056748842e-01
1.533250421883138315e-01	-4.814458180702807510e-03
1.534382238427665912e-01	4.110369965960951610e-01
1.537786386758880353e-01	-3.476694692474360249e-01
1.547665381676639473e-01	2.215594684730022301e-01
1.548798879969375819e-01	2.307352122004344697e-01
1.552191893967621583e-01	-1.324680108258372568e-01
1.562078601730614302e-01	4.746068025427221393e-01
1.563209606396696316e-01	-2.078238777313771157e-01
1.566609985292270191e-01	-2.550836896323634972e-01
1.576493387550162717e-01	3.223109865118116701e-01
1.577626711868946596e-01	3.459701372983767786e-01
1.581028540547459171e-01	-1.573645396362279847e-01
1.590906143673597173e-01	1.281550861388185858e+00
1.592037728252854722e-01	5.882467472111443385e-01
1.595440194835860415e-01	-4.915472023374584110e-01
1.605320523553923073e-01	2.469231306166810302e-01
1.606453325950848721e-01	-2.245700353777363434e-01
1.609853124933247337e-01	-2.738237492254916861e-01
1.619742152348941922e-01	3.898480544027786987e-01
1.620870315440464116e-01	4.187076113206520400e-01
1.624271100275261059e-01	-5.290723828122823047e-02
1.634148993357986690e-01	1.304284822448313896e-01
1.635280693919879125e-01	3.535237726786457646e-01
1.638680492902277741e-01	-2.018447592358162401e-01
1.648559719785307187e-01	6.143325137522019919e-01
1.649694783843617119e-01	5.776301660775631230e-01
1.653096206582907179e-01	-2.595417630346397164e-01
1.662971258091073268e-01	5.907178786883626742e-02
1.664111425385327303e-01	1.652948344066125230e-01
1.667508034845260889e-01	-2.139146440729604581e-01
1.677388421554641129e-01	1.366915814273963470e-01
1.678521455916837102e-01	-3.766453782745069478e-01
1.681920269046837391e-01	-1.504340623178880287e-01
1.691802975408919496e-01	3.402701384178721256e-01
1.692935603831892677e-01	1.755078681641557559e-01
1.696327052064564578e-01	-4.624082513891768498e-01
1.706214745679955624e-01	-2.015026024942134786e-01
1.707351897425697373e-01	3.316153918370829956e-01
1.710751116494920454e-01	-3.501825650399643663e-01
1.720632083117476230e-01	1.305199017592011401e-01
1.721762565861700012e-01	1.227923654502254269e-01
1.725166946158184778e-01	-5.417803437782711118e-01
1.735042635570843983e-01	5.201362296391316420e-01
1.736178163559694287e-01	6.239467732119405863e-01
1.739580920099287609e-01	-4.108444307048989552e-01
1.749456725494581977e-01	-1.326361098299609909e-01
1.750591615578939442e-01	3.701845479483769630e-01
1.753990718665527360e-01	1.569810685016324037e-01
1.763872729131798767e-01	-2.360523577443097709e-01
1.765003907771833525e-01	-7.619498749011854866e-02
1.768414319165342863e-01	-3.138326450815270841e-01
1.778286645081584294e-01	-1.944934251407426373e-02
1.779419099530604731e-01	1.064397978228501795e-01
1.782813273355201567e-01	-3.500202679604231815e-01
1.792696385656506186e-01	8.395326303706673876e-02
1.793834059324105890e-01	1.380787118289628079e-01
1.797229740922958729e-01	-2.724500259739742747e-01
1.807113201172168837e-01	5.264761651202232162e-01
1.808247743308621092e-01	1.843409063192813502e-01
1.811650847796119901e-01	-3.105486773633712172e-01
1.821530248653101813e-01	2.787985122517291359e-01
1.822663804937155740e-01	5.049709216641673493e-02
1.826060530379724489e-01	-4.644384545667805675e-01
1.835947470107987256e-01	1.346875653148007501e-01
1.837074995295016333e-01	3.624593637709889737e-01
1.840477519869339607e-01	8.563603841052369603e-03
1.850351469542472205e-01	2.009493858633826235e-01
1.851488215348991162e-01	2.254595378583246212e-01
1.854897350933514544e-01	-3.908448830510220517e-01
1.864771648554552630e-01	1.436601632774547888e-01
1.865899057758946822e-01	-1.951041773409780689e-01
1.869299668619791022e-01	-3.022534932979327182e-01
1.879180925198934426e-01	3.731127949661083854e-01
1.880315757291974310e-01	-2.684444422534226771e-02
1.883714918369879809e-01	-5.661022860440156901e-01
1.893595305079260049e-01	5.351550422833128984e-02
1.894728107476185974e-01	4.038549980066594713e-01
1.898132487772670463e-01	1.730239992390347759e-02
1.908009221029045299e-01	9.894065349102598717e-02
1.909143763165497554e-01	4.276173289655320620e-01
1.912536313233202945e-01	-5.025202098109402549e-01
1.922424992700992319e-01	5.829219917232408843e-01
1.923557911080553129e-01	-2.537702773225380959e-02
1.926955912332107834e-01	-1.493373417629980660e-01
1.936838560702872358e-01	1.962068613477847556e-01
1.937974088691722663e-01	2.616538251100519741e-01
1.941377831083714312e-01	-3.696298713992768326e-01
1.951248881190969786e-01	2.218837490145395552e-01
1.952386264901981860e-01	9.824450094549641577e-02
1.955786701788873316e-01	-2.634643344788164532e-01
1.965664652862916806e-01	-1.050089914595795371e-01
1.966798673077510828e-01	7.918601157491160780e-01
1.970208446566527327e-01	-6.901164834892113964e-01
1.980080018595640756e-01	3.581632738307087838e-01
1.981211429200945284e-01	-1.658452464482029765e-02
1.984606066956082493e-01	-1.272153873732855267e-01
1.994489991135832974e-01	3.085682656895993858e-01
1.995626388994446720e-01	-3.006308361200659141e-01
1.999027521777148597e-01	-2.841234982342295545e-01
2.008905240885921761e-01	1.321442838335655789e-01
2.010040188961596808e-01	-3.605167335742666124e-01
2.013443699388318409e-01	-1.326639058292333750e-03
2.023321418497091573e-01	1.819107623674074414e-01
2.024455380720368292e-01	2.642921931431452265e-02
2.027857093416245704e-01	-1.531078086978463482e-01
2.037736030342687521e-01	-2.531789334727626573e-01
2.038867962869850003e-01	-5.556555696575982140e-03
2.042270429452855696e-01	-2.407000129525428411e-01
2.052150468214330725e-01	1.346741581647517005e-01
2.053281878819635531e-01	-1.951034112657801245e-02
2.056681387845446241e-01	2.954924346081799769e-02
2.066562238485366854e-01	2.425458137322440422e-01
2.067695562804150733e-01	5.741525999610863629e-02
2.071106728084788073e-01	-2.178391151910719081e-02
2.080978010157313596e-01	5.678067237153050506e-01
2.082106521196741278e-01	2.235402768872671864e-01
2.085492866193469352e-01	-3.028787682782907442e-01
2.095389026541221722e-01	-1.054061096759447702e-01
2.096523742651626721e-01	-4.498828370679097688e-01
2.099923715607977803e-01	-5.185975780425717829e-01
2.109801318734115805e-01	5.693177330471492770e-01
2.110938760436445183e-01	3.658941031239069108e-01
2.114332934261042019e-01	-3.829955063258111414e-01
2.124216046562346916e-01	-1.014877720686259144e-01
2.125348964941907726e-01	3.800564442213387739e-01
2.128747314141367641e-01	-1.913059552533966645e-01
2.138636109591791901e-01	-5.997249273953486615e-02
2.139763344822233626e-01	2.283676349487895330e-01
2.143175379972634131e-01	-6.179351121775233935e-01
2.153045328244856116e-01	-3.047134309165824284e-01
2.154180102346578696e-01	1.783152940226733207e-01
2.157576131893336746e-01	-5.698622647597717528e-02
2.167458432316196060e-01	3.944798719249889007e-01
2.168592162574202453e-01	8.550966850855079571e-02
2.171990685747615113e-01	-2.785404002936264778e-01
2.181871594378853307e-01	-1.033676740377847958e-01
2.183005962541352818e-01	-1.953798471630392442e-01
2.186406631393514599e-01	-7.647316625253985922e-02
2.196283248667254273e-01	2.196623959432542073e-01
2.197417790803706528e-01	4.972035738955757900e-01
2.200811848645668201e-01	-2.969630789312075470e-01
2.210697802521532640e-01	-4.439973513781991787e-02
2.211832808588525268e-01	4.536949414504194422e-01
2.215237652815550129e-01	-2.207786344717589389e-01
2.225117285637802367e-01	-8.938676069013962167e-02
2.226246724538310517e-01	-2.443165720771788285e-01
2.229644087885372383e-01	-2.259280957206677432e-02
2.239526620273501745e-01	-4.509957268950315346e-02
2.240662322236304793e-01	2.810254320344385270e-01
2.244053828460294553e-01	-7.053928529097981404e-01
2.253941406093050159e-01	7.216390909393122222e-02
2.255075774255549670e-01	6.589069574553985120e-02
2.258470180045416553e-01	-2.077148956344870845e-01
2.268356075929963689e-01	-2.852681238691336940e-01
2.269490038153240408e-01	3.750824699575256993e-01
2.272889663161686280e-01	-3.757972388262282859e-01
2.282769411966573680e-01	1.189975931556392919e-01
2.283905055938059148e-01	5.271374097452063978e-02
2.287305318850998137e-01	-3.674278450092024473e-01
2.297182516037913347e-01	2.019149358800733651e-01
2.298316072321967274e-01	4.948070654254037581e-01
2.301714943443285144e-01	-3.017439431916824066e-01
2.311596547970333759e-01	5.738593855251699072e-01
2.312734047663980719e-01	1.065069608169799231e+00
2.316148692423670996e-01	-6.805136906709622346e-01
2.326007448371606723e-01	4.207539658018235595e-01
2.327145585969746799e-01	3.503179741335828989e-01
2.330553213780013899e-01	1.682799246043766850e-01
2.340421654277979879e-01	2.375492590051904163e-01
2.341554456674905804e-01	-2.903067213158683213e-02
2.344963534268111605e-01	-2.618918561081505780e-01
2.354835106297225034e-01	4.366992226426207324e-01
2.355972432016919249e-01	-2.415078133440948793e-01
2.359374666634654616e-01	-2.980518022386997590e-01
2.369248500325152329e-01	1.993749473830606078e-01
2.370385884036164126e-01	-2.185389347740904764e-01
2.373783537339813621e-01	-9.944886600414826194e-02
2.383667809467469312e-01	4.365918086334559245e-01
2.384798292211693371e-01	6.924020953060239236e-02
2.398077724016344225e-01	2.854307997204896807e-02
2.399213425979147274e-01	1.841009888973510478e-01
2.412493205731703338e-01	3.218527912785560385e-01
2.413626472059169359e-01	4.240861522175243259e-01
2.426908339499156964e-01	1.147392941295324320e-01
2.428042359713751264e-01	2.743724278390435867e-01
2.441319819813605463e-01	4.004533453047398606e-01
2.442454014002152507e-01	-1.767453198738058173e-01
2.455734431659201411e-01	3.909452453839861175e-01
2.456868393882478130e-01	-9.294859355317175442e-02
2.470146491886825446e-01	1.290277094800571511e-01
2.471282541797533705e-01	-2.185023199257110083e-01
2.484563365393805401e-01	4.479383346030412216e-01
2.485696747703906861e-01	2.918629567284771742e-01
2.498978093222036512e-01	9.714315453181754378e-02
2.500108401992308105e-01	-1.583762698364209465e-01
2.513389921484390221e-01	2.136820229775131530e-01
2.514523999690301825e-01	2.547405183523012706e-01
2.527803199529682354e-01	4.488014100869008871e-01
2.528937567692182142e-01	-1.855857280412392951e-01
2.542217115479468159e-01	3.142240444962578483e-01
2.543350555780886646e-01	2.403879682138225782e-01
2.556632655186144576e-01	1.921756214242633654e-01
2.557766385444151247e-01	4.710942860386424513e-01
2.571044483448498563e-01	4.429050866232218109e-01
2.572181461220287568e-01	3.397231894193797341e-01
2.585461009007573030e-01	-9.611417064808736033e-02
2.586592593586830580e-01	4.642986462959908245e-02
2.599870865565130362e-01	1.508247560931426090e-01
2.601008481241412484e-01	9.959619256447704849e-02
2.614287217150252918e-01	3.143348298940316088e-01
2.615419323651367867e-01	-2.522839474036986385e-01
2.628698755456018721e-01	-4.100670691838770310e-02
2.629834109470916559e-01	9.095885175743601003e-02
2.643113599266884717e-01	-5.931954101083025677e-02
2.644249475203640509e-01	3.068839826641385216e-01
2.657530646747817693e-01	3.585247180513293497e-01
2.658663855083966410e-01	3.945270713655124606e-01
2.671946012480541643e-01	2.379381447609993927e-01
2.673076379242130818e-01	2.852441972812091997e-02
2.686357550786307447e-01	-5.037989085906691145e-03
2.687490585148503697e-01	3.374721994900911071e-01
2.700769437039978738e-01	2.269453009777957497e-01
2.701903689219843363e-01	9.196360396725244968e-02
2.715182657093953567e-01	4.030976116354672012e-01
2.716317837134898938e-01	-1.060854836828164505e-01
2.729597500904819563e-01	2.324736726567953049e-01
2.730729781379887533e-01	4.038948274348754808e-01
2.744009329167173550e-01	6.066462181503948781e-01
2.745145205103929342e-01	1.438293419743197354e-02
2.758424810882532663e-01	-5.995477334824206306e-02
2.759560048914795338e-01	-2.383790863107175806e-01
2.772837856962555025e-01	1.999422815219784599e-01
2.773972515081641887e-01	6.533697440494190545e-01
2.787251714921022416e-01	2.148587160063799573e-01
2.788385039239806296e-01	5.131800356821012432e-01
2.801665340914220037e-01	-7.920728400991194906e-02
2.802799883050672292e-01	-2.258412056920364730e-01
2.816083838178091714e-01	1.385281257709580771e-01
2.817215016818126472e-01	2.036235242652721933e-01
2.830488359534434895e-01	-9.855387993508424316e-02
2.831629164733182047e-01	-4.381099088436941624e-01
2.844908248589927413e-01	3.399369197763022488e-01
2.846042964700332134e-01	-2.419073620964340421e-01
2.847182784046680681e-01	-4.631270236001401308e-01
2.859322976418158246e-01	-4.555174875368273035e-03
2.860455604841131705e-01	2.381648118416532789e-01
2.861593104534778664e-01	4.723107905270595985e-02
2.873736486428720704e-01	1.111796565893152788e-01
2.874869172843011467e-01	3.933701182733173596e-02
2.876009630093853131e-01	3.879807755398063662e-01
2.888149938447965859e-01	1.070812241067757853e-01
2.889285234471545838e-01	1.638953765477380031e-02
2.890423372069685914e-01	4.072345406716564309e-01
2.902562230640859942e-01	8.285414510482393968e-01
2.903700774178222810e-01	4.871590131954217640e-02
2.904839781646125774e-01	-2.420967086892320541e-01
2.916984207383784278e-01	1.037882219155350505e-02
2.918110630735780142e-01	-1.721665821210881520e-01
2.919248420386014731e-01	1.884101723701352427e-01
2.931393310054213330e-01	3.123683694824508361e-01
2.932521183189147895e-01	1.428241977425726006e-02
2.933667149615156178e-01	-7.837596230248433660e-02
2.945809139717477376e-01	2.512319220675340858e-01
2.946938520626667946e-01	3.015600112200975680e-01
2.948077992025111560e-01	7.116358068836579065e-01
2.960222649728039834e-01	3.508937579775506244e-02
2.961349826967163978e-01	4.551749026453082436e-01
2.962488428495844150e-01	-1.847704792329931678e-01
2.974632796242184796e-01	4.946347325844222542e-01
2.975766062569651371e-01	1.710522252978532443e-01
2.976904954054919172e-01	3.439654939506910925e-01
2.989045436382984366e-01	-6.333839304132382608e-02
2.990180732406564901e-01	1.258951406317534438e-01
2.991323509310108153e-01	2.176619864324260689e-01
3.003460280193850362e-01	-2.468617352636840456e-01
3.004594358399762521e-01	5.556945005095845769e-01
3.005733539841617952e-01	3.722006383364551141e-01
3.017872166447521654e-01	2.531892091659233568e-01
3.019007172514514559e-01	-1.338934025678946149e-01
3.020150297365963299e-01	5.817774265240727161e-02
3.032285038553591550e-01	5.583329469470643680e-02
3.033419174750820457e-01	-3.603712150333833186e-01
3.034560037940885469e-01	-6.520128125866619939e-02
3.046701564112666016e-01	-6.837838379836103098e-02
3.047833496639829054e-01	1.279576464164928762e-01
3.048975577647561885e-01	8.549547731463924549e-02
3.061114900149276008e-01	1.134796492600114171e-01
3.062246948659073653e-01	2.751964579385497434e-01
3.063389493597347135e-01	-2.039020903310629906e-01
3.075529569986189538e-01	1.530015754730369437e-01
3.076663474218148675e-01	1.845091621321779396e-01
3.077802133738146706e-01	4.576358415523129608e-02
3.089942848031481670e-01	-2.846187003377957936e-01
3.091076926237393829e-01	9.442659935696595674e-02
3.092218949253809357e-01	1.794840682085285799e-01
3.104358967651333900e-01	-9.321806942871924129e-02
3.105489798343463170e-01	9.830228497816384525e-02
3.106629501707177110e-01	-1.079266538851670898e-01
3.118767664382540161e-01	2.017621257312687266e-01
3.119904352197741537e-01	-4.363543170289374551e-01
3.121044751457265898e-01	4.731130421758533711e-01
3.133183204089217133e-01	2.499123762469164234e-01
3.134317920199621854e-01	1.260495972726694003e-01
3.135459943216037382e-01	-2.140231557435329224e-01
3.147599555674339133e-01	2.757917824433595566e-01
3.148732010123359570e-01	7.930416698499302974e-01
3.149873221261329514e-01	-9.167044524849521370e-02
3.162009760179801399e-01	-1.492833995452568230e-01
3.163146737951590959e-01	3.906623623583898031e-01
3.164291602542566029e-01	-7.550379238958737638e-03
3.176427271591275026e-01	1.880876167250955522e-01
3.177561929710361888e-01	3.010984445982334279e-01
3.178700125299819823e-01	-1.523181376881821425e-02
3.190838461949135341e-01	1.996706103236161045e-01
3.191977005486498209e-01	1.530230582748697277e-01
3.193114215223557539e-01	-5.139434936746660743e-01
3.205250580168076957e-01	-1.175796451117140373e-01
3.206388833748852196e-01	2.604334608380429739e-01
3.207527667242802694e-01	5.105602315198840557e-01
3.219661074630127406e-01	-3.174537516605656640e-01
3.220800777993840791e-01	2.965277040929132912e-01
3.221941119262047848e-01	1.527183004255092680e-01
3.234083109364369046e-01	3.012956316296564463e-01
3.235212200316971987e-01	-1.814054413794530252e-01
3.236353179489671605e-01	-7.514828893365721463e-02
3.248496387409661179e-01	2.229566166673446759e-02
3.249631161511383759e-01	3.349334654632583064e-01
3.250767501378679647e-01	1.956249439930242140e-01
3.262907751741474516e-01	4.333700155935977794e-01
3.264043221739007516e-01	4.483980979240216325e-01
3.265180373484749543e-01	-1.987256939106119003e-02
3.277319232055923015e-01	4.136784403689175438e-01
3.278456731749569975e-01	2.005196514223366311e-01
3.279597420965681964e-01	1.081071455008804083e-01
3.291736685476078783e-01	-6.523154535175945679e-02
3.292870473725402758e-01	-2.170251812887273868e-01
3.294009771149893906e-01	-1.839828287687078623e-01
3.306151007365086825e-01	3.436250621055858545e-01
3.307280620239547719e-01	1.409630523903935284e-01
3.308423455134408830e-01	5.222504643501313382e-02
3.320566431089128634e-01	-3.121667086824492232e-01
3.321696855842035112e-01	6.241432546038874207e-01
3.322837950997369894e-01	2.075553474270264154e-01
3.334977157516448854e-01	1.480351280303040529e-01
3.336111467687630783e-01	-2.320883283484720394e-02
3.337253838651951798e-01	-7.895011762300618852e-02
3.349386608134783394e-01	1.987213684192659091e-01
3.350525557611369054e-01	1.272669037736147146e-01
3.351669378358628215e-01	1.159144974750603296e-01
3.363811020513044481e-01	6.426455920979003977e-01
3.364937443865040345e-01	1.994651124272501796e-01
3.366080336751218760e-01	4.654868043339148720e-01
3.378220065192155674e-01	1.210219160042738107e-01
3.379354317372020300e-01	3.951663807310095144e-01
3.380492918900700472e-01	2.050302557634016143e-01
3.392632763324272549e-01	2.242277265459229341e-01
3.393770436991872530e-01	4.563224292424892248e-01
3.394908226642107119e-01	-9.457940478720872068e-02
3.407046215343517703e-01	-1.108697977362865794e-01
3.408181221410510053e-01	4.922847963196839149e-01
3.409321504687399251e-01	2.147157848102430044e-01
3.421458681510364253e-01	-1.542805031030141105e-01
3.422593803559992320e-01	2.035681707685785824e-01
3.423732347097355189e-01	3.694837695440584824e-01
3.435884949610786832e-01	5.426536557530983185e-01
3.437010039162479158e-01	-6.842095738009557060e-02
3.438148640691159885e-01	8.463836056413476250e-02
3.450289065027907220e-01	3.603312939506775336e-02
3.451423201225136683e-01	2.854251725733434331e-01
3.452563600484661044e-01	-3.956053801397363401e-02
3.464702807003740004e-01	-7.791957037011276732e-02
3.465836479270428816e-01	7.748325467918348863e-02
3.466976530582047689e-01	5.618940741706213160e-02
3.479117070901430742e-01	-1.407630789290403861e-03
3.480250395220214066e-01	2.073254657665364320e-01
3.481390968453691448e-01	3.913451077538703249e-01
3.493525187719461189e-01	3.191354520598419509e-01
3.494661991517297728e-01	6.001162124683645516e-02
3.495805870255874748e-01	-4.294450088948854605e-01
3.507930462962932650e-01	4.552274335840968966e-01
3.509081358650932292e-01	2.195173478286882585e-01
3.510218626379309481e-01	1.067756822135528250e-01
3.523491273199807483e-01	4.608160982361237945e-01
3.524635035955749340e-01	-2.843583193710537138e-01
3.537903159453478774e-01	2.164276661796644685e-01
3.539045994348339885e-01	-1.990021298078715750e-01
3.552316263524818440e-01	2.621613367022599395e-01
3.553459620341537506e-01	-1.267546831996699819e-01
3.566733600962339046e-01	2.232319908405253628e-01
3.567872840395512335e-01	1.097650062481743127e-01
3.581146241103138061e-01	1.858786515468375811e-01
3.582290351806985407e-01	-5.530045376717751537e-02
3.595558359322079678e-01	3.271322290312062009e-01
3.596696496920219754e-01	-3.754407732841344991e-01
3.609975870733552750e-01	1.969891803138050790e-01
3.611115574097266689e-01	4.969752603228103638e-01
3.624384625456076869e-01	-4.131335643680991154e-01
3.625530823847355477e-01	2.928215287547915047e-01
3.638798715379814586e-01	-5.403524218623256825e-02
3.639942130187850955e-01	-1.915555948192223523e-01
3.653218256487401616e-01	-1.903956019246272335e-01
3.654357031990034810e-01	-1.206808522055169419e-01
3.667632172437187421e-01	1.683058764562259668e-01
3.668769324182928893e-01	2.894539035565051321e-01
3.682044174673493875e-01	8.459704145258006847e-02
3.683181790349775442e-01	1.165382827720795600e-01
3.696459250449629641e-01	-3.074874744752220668e-02
3.697598025952262835e-01	9.396307262544545402e-02
3.710869628929044928e-01	-2.193052772139802986e-02
3.712011188014920360e-01	2.098524391354312790e-01
3.725285690557579299e-01	6.838662097747927326e-02
3.726433512705749629e-01	-4.294133727250328825e-01
3.739700882316350783e-01	3.210292316053675599e-01
3.740838845940538393e-01	-1.361984131193106906e-01
3.754112478613434445e-01	2.341261235014377995e-01
3.755254095690627181e-01	2.697185002799102893e-01
3.768526452554537554e-01	-4.608040584442724130e-01
3.769661922552069999e-01	-5.671918113640350700e-02
3.782935149285743814e-01	5.390787293575620698e-01
3.784081115711752097e-01	1.125595737873466007e-01
3.797354110480155587e-01	-3.175330968994524161e-01
3.798494219783091763e-01	-1.002769731317395552e-01
3.811767446516765578e-01	2.411285760463570682e-01
3.812909237567910781e-01	2.630236101735916598e-02
3.826178694865943752e-01	7.103894907597998465e-01
3.827321703734757330e-01	-1.658615365918785223e-01
3.840596844181909941e-01	-8.166878971628666051e-02
3.841736663528258489e-01	-1.507323126031897553e-01
3.855009310348756491e-01	3.793294787520120614e-01
3.856148897729835268e-01	-2.478214833557922381e-01
3.869422994333271970e-01	-2.413455162645536944e-01
3.870562059792492238e-01	7.523136788956108489e-05
3.883837548187550337e-01	1.298905497507580886e-01
3.884979861160553494e-01	-1.610644426234495441e-01
3.898251000206794936e-01	4.363147275324421592e-01
3.899391921388177251e-01	-3.273480895566593940e-02
3.912664104278134602e-01	2.390361197860693121e-01
3.913804155589754030e-01	2.600726438525124973e-01
3.927078310184508037e-01	3.374734539602712857e-01
3.928217955556904117e-01	2.253351100973430832e-01
3.941493038012738870e-01	-1.960540464804183536e-01
3.942632625393817647e-01	8.794890736923011154e-02
3.955906200075396395e-01	3.559362756436130759e-01
3.957043467803773029e-01	2.291791987508815520e-01
3.970321043886262391e-01	2.737004238444795678e-01
3.971463646815853177e-01	5.163519226857760103e-03
3.984734089966284198e-01	4.735767257161462851e-01
3.985874605208443722e-01	2.335129227965626608e-01
3.999147310020259027e-01	1.122868049275767000e-01
4.000289854958532509e-01	-1.845360501181003698e-01
4.013561283961362136e-01	1.392035011541308265e-01
4.014701973177474126e-01	2.122447921731318576e-01
4.027974793971924594e-01	2.152113789357683604e-01
4.029117048953610447e-01	-1.693754643749109112e-01
4.042388419965122215e-01	3.056779484261484825e-02
4.043528239311471317e-01	-6.796785843194663723e-02
4.056803321767306070e-01	-1.679058525590075845e-01
4.057941459365446146e-01	-3.448324065309152919e-01
4.071216889769185832e-01	4.453285662022643532e-01
4.072357463002663214e-01	-2.680701217447909457e-01
4.085630747727653778e-01	3.866085419716274174e-01
4.086770335108732555e-01	1.746001805845189825e-01
4.100043503851088511e-01	1.410816782267922953e-01
4.101183903110612872e-01	9.411596117863640920e-02
4.114452664512834867e-01	-1.803738748695382643e-01
4.115597877051715425e-01	1.604306867192728525e-02
4.128872031646469432e-01	1.277835102746276430e-01
4.130012720862581421e-01	4.844256566040261447e-03
4.143281888204026764e-01	-3.233986858437207790e-01
4.144425476986016155e-01	8.922252569724766769e-01
4.157700327476580582e-01	1.477561652240202417e-01
4.158841596605868385e-01	-3.560853568655091284e-01
4.172112155738934569e-01	3.176095458946097683e-01
4.173253424868221817e-01	-1.849923816147514000e-02
4.186527173523753032e-01	1.276264662889654566e-01
4.187665485095845574e-01	1.201498240159954989e-01
4.200941263447491303e-01	-1.365531929671000011e-01
4.202081662707015663e-01	2.955423961708871783e-01
4.215356049267039995e-01	1.948771229569545849e-01
4.216495288700213284e-01	1.846331978712281163e-01
4.229767181633583006e-01	3.135889509989531199e-02
4.230906653032026621e-01	1.799328549154337598e-01
4.244183127279482215e-01	-2.025848966420330521e-01
4.245322308721338200e-01	4.454886499903243369e-02
4.258597159211902627e-01	5.456471352201912595e-01
4.259737442488791825e-01	1.181049592181626640e-01
4.273014322675470766e-01	7.780863288212835904e-02
4.274150372586179025e-01	1.137529669504850904e-01
4.287422613467454235e-01	1.961998049530222499e-01
4.288563012726978596e-01	1.672610596050347898e-01
4.301838965052576236e-01	4.773608170455378996e-02
4.302977566581256963e-01	-2.808246336826858425e-01
4.316252533054456553e-01	-7.218276227461961625e-04
4.317393802183743801e-01	8.765073548831447958e-02
4.330666275030289336e-01	1.026778769661034207e-01
4.331804818567652204e-01	1.180382370854624607e-01
4.345074681804907968e-01	-1.988955782469554734e-01
4.346226157406083423e-01	-2.194744559108467996e-01
4.359493063086143927e-01	8.944125645714628980e-02
4.360631200684284003e-01	3.330410792280202870e-02
4.373908254844915411e-01	1.697653741063027688e-01
4.375047842225994188e-01	-2.114118192550310527e-01
4.388314805897372550e-01	2.302168628342604606e-02
4.389462280097637392e-01	-1.604739416327327639e-03
4.402735796787898281e-01	1.440075731129362158e-01
4.403873470455498262e-01	2.275610106230310237e-01
4.417149248807143436e-01	-7.526730679198745388e-02
4.418288662214269746e-01	-4.187835412501750287e-01
4.431570471662939492e-01	3.354147115860719452e-01
4.432704375894898630e-01	2.394079917900615584e-01
4.445975630923775790e-01	-7.323365382138879998e-02
4.447115972191982292e-01	3.583889216543414413e-01
4.460388039099305035e-01	2.162314200008761400e-01
4.461531047968118613e-01	-9.616387902897116646e-02
4.474805376536825641e-01	4.353798336307757033e-01
4.475941716404121529e-01	4.638142819663919614e-01
4.489217552747084561e-01	-5.152128394545540946e-02
4.490357430084750967e-01	2.757299213826067685e-01
4.503631758653457440e-01	2.037516370324077286e-01
4.504771925947711475e-01	-2.472713197774634164e-01
4.518043818881081197e-01	1.443382828141464014e-01
4.519182710366349554e-01	2.242579906390160804e-01
4.532459358587758169e-01	2.005878632383755189e-01
4.533596684307452107e-01	-3.702020274079491635e-01
4.546871186850111601e-01	1.312156622827993502e-01
4.548016921310850114e-01	-3.013052706506037515e-01
4.561287190487328669e-01	3.912775052042549717e-02
4.562429561451649684e-01	-3.918727645547829264e-01
4.575701628358971873e-01	6.057390794014618773e-01
4.576841215740050650e-01	1.526750212042982113e-01
4.590106729628490312e-01	4.055250114338224687e-01
4.591253044002404637e-01	3.629559771535075807e-01
4.604526966631888318e-01	1.914952281603703454e-01
4.605666901960872028e-01	3.030992281623268170e-02
4.606793383304185752e-01	-1.554265400168564071e-01
4.618940650616403243e-01	2.552368181172750550e-01
4.620081223849880625e-01	-9.124188687324308322e-02
4.621208923010862168e-01	9.813212949133287566e-03
4.633356016349127748e-01	-2.255682195877728446e-02
4.634494617877807920e-01	-1.149436896459290480e-01
4.635618953542371967e-01	-4.700824906841671869e-02
4.647770628194723419e-01	2.389205517207342311e-01
4.648910215575802196e-01	5.152905069825619577e-02
4.650032637526887447e-01	1.029734615022726008e-01
4.662184544144508669e-01	1.791467725388735666e-01
4.663325697291161309e-01	-1.871646355715775867e-01
4.664448351207516330e-01	-2.708123935583334196e-01
4.676595328563146747e-01	-2.198493072815165261e-01
4.677737235596927112e-01	5.040554900188913834e-01
4.678868530219596478e-01	2.790413306359509349e-01
4.691011506174316281e-01	6.203100641600378662e-01
4.692152775303603529e-01	-1.923590829695306370e-01
4.693277052976850272e-01	1.294170476935185832e-02
4.705426407976500136e-01	4.425036561656126022e-01
4.706565763392308588e-01	1.618589189879007240e-01
4.707688533291298771e-01	-3.120716041619259196e-01
4.719832553089734484e-01	-2.821717778472639937e-01
4.720984840569354968e-01	-3.260783125526478532e-01
4.722104246971928210e-01	-1.289697639200552137e-01
4.734255399702421707e-01	2.004310364972083924e-02
4.735392551448163179e-01	3.070147432117420472e-02
4.736515205364518755e-01	2.000656116215526747e-01
4.748670707443827799e-01	2.726616441310296679e-01
4.749805887484773170e-01	-2.191434325920916804e-01
4.750928889349033679e-01	-2.607082814619576805e-02
4.763078882253176660e-01	4.450103832341900656e-02
4.764220615313004004e-01	1.541701144457334749e-01
4.765346400760507306e-01	-3.201538419143045155e-01
4.777491986324516327e-01	3.283870128287795787e-01
4.778631109775054453e-01	-4.528727279019006957e-02
4.779759620814482135e-01	-6.645582984308107122e-02
4.791906134239571902e-01	3.491762934531017493e-04
4.793049085117068175e-01	-1.930858916300847161e-01
4.794172550911868780e-01	-2.893884311754229000e-01
4.806315352892636117e-01	1.323559756764454143e-01
4.807462711110265796e-01	2.989986967300242160e-01
4.808587336731417472e-01	-2.617693884568254026e-01
4.820732110416980909e-01	3.055684354672199010e-01
4.821873379546268157e-01	-7.453477461123703129e-02
4.823001252681202722e-01	-2.733727671957715266e-01
4.835150839646122356e-01	4.344559163431849225e-01
4.836290253053248667e-01	2.630840779240570804e-01
4.837414356752542388e-01	-8.487309857801084156e-02
4.849556578820133912e-01	3.999333674151177576e-01
4.850700921489251582e-01	-2.218762958792839246e-01
4.851830070433171826e-01	-1.097080799451939370e-01
4.863981107181030161e-01	1.853462073598020066e-01
4.865119186787852379e-01	-9.951958676054739605e-02
4.866241260791032697e-01	-2.364342655097421142e-01
4.878390151860141910e-01	-2.911660333891885610e-02
4.879532058893922275e-01	-3.911719077460782401e-01
4.880657148445614602e-01	-3.565476683290427218e-01
4.892802618026988459e-01	4.533698768650196165e-01
4.893943655191005937e-01	-1.254378815325712937e-01
4.895069440638508684e-01	-2.961878343286161730e-02
4.907216475985456405e-01	1.600556181041097314e-01
4.908361978480924592e-01	1.994989831221110066e-01
4.909484342440691984e-01	1.677826839867677666e-01
4.921631145822369935e-01	5.153667340146634857e-01
4.922774096699866209e-01	-7.619271376291736342e-02
4.923898606338382722e-01	-1.922488464024606492e-01
4.936044191902391742e-01	1.427762322268519846e-01
4.937187896667016296e-01	3.397873242073337074e-01
4.938312348314215505e-01	-3.225799088380933988e-01
4.950463153096803515e-01	-6.570887125526037043e-02
4.951595839511094277e-01	-2.463801755233256952e-01
4.952727250116399360e-01	1.163533268249115071e-01
4.964870979958246888e-01	-1.639079344996429155e-01
4.966013756861790696e-01	-2.618409716614732430e-01
4.967138556456894838e-01	-4.295611257909243141e-01
4.979291738883502294e-01	3.707379261065419929e-01
4.980426860933130362e-01	6.306807691383335968e-01
4.981550732667154313e-01	7.721440603872609110e-02
4.993705770815923262e-01	8.062382077488483567e-02
4.994842574613759245e-01	-6.879674960340043111e-02
4.995964764599574726e-01	-2.321736143520478635e-01
5.008113191738143843e-01	1.908831251169027521e-01
5.009255272745876120e-01	-9.060884985864603447e-02
5.010382913915540914e-01	-6.103785153992413726e-02
5.022530529175663894e-01	2.697135608035763354e-01
5.023669478652249554e-01	2.828044275584915557e-01
5.024794278247354251e-01	6.435773318554516287e-02
5.036935166514642237e-01	-3.338829203733090223e-01
5.038084380454432853e-01	1.493537329982863593e-01
5.039209470006125180e-01	-1.370844610883421577e-01
5.051356273387802576e-01	-1.414921988746448145e-01
5.052495918760199212e-01	8.665373142872605516e-01
5.053623791895133222e-01	-1.601215514743855595e-01
5.065769551433095819e-01	4.175042608004595479e-01
5.066909196805491344e-01	2.515927390530645624e-01
5.068036084088027859e-01	1.017657203364501495e-01
5.080195181629024725e-01	-2.501014829079940549e-01
5.081325142451390553e-01	1.529324228043629219e-01
5.082443678984200908e-01	2.953889408183263399e-02
5.094598601150334138e-01	-1.542826200214428845e-01
5.095737840583507428e-01	2.656958064344900894e-01
5.096865249787901897e-01	-9.059663674305551417e-03
5.109014430813598739e-01	-1.434325506256040050e-01
5.110151756533293232e-01	-3.756404872245833193e-02
5.111278759798464355e-01	3.224376879999943935e-01
5.123426433049905748e-01	3.811280753726280501e-01
5.124563352830376894e-01	1.650858083128652343e-01
5.125691109982676297e-01	-3.200421940682819377e-01
5.137839305155974534e-01	5.125007400796157686e-01
5.138979472450229125e-01	3.710684789989795451e-01
5.140105547854318946e-01	1.656599636333870862e-01
5.152255250801873743e-01	5.241419097327353338e-01
5.153395360104811029e-01	5.524096703431802258e-01
5.154520913587042896e-01	7.750097407047640274e-02
5.166662845698046791e-01	2.211854011461951153e-01
5.167807652297704557e-01	4.302648703118161500e-02
5.168932683858079580e-01	4.279587016632722118e-01
5.181074152038542824e-01	4.266104598372864043e-01
5.182219596542693152e-01	-2.916223469171741467e-02
5.183345555964149476e-01	-8.448836825467320732e-02
5.195490387641029661e-01	3.187018758038695498e-01
5.196633802449066586e-01	3.851721556468290508e-02
5.197765792967546927e-01	-1.094290387345236981e-01
5.209913524210305624e-01	3.972025246733035253e-02
5.211048066346757324e-01	-2.914169094565289830e-01
5.212173561837672997e-01	-9.760252111230494076e-02
5.224321467054383605e-01	7.109137024862790533e-01
5.225463838018704621e-01	-8.640441464589432297e-02
5.226587999709315646e-01	6.178904868316426047e-02
5.238730685707447821e-01	2.795555066009900447e-01
5.239877695977172012e-01	2.019817364171598850e-01
5.241003191468087685e-01	4.868189129365272372e-01
5.253149124980001083e-01	-1.908395275595848872e-01
5.254291669918275121e-01	1.518129649774599965e-01
5.255410264442401669e-01	1.474715573019262926e-01
5.267568434122318344e-01	5.992299472548390238e-01
5.268703324206676086e-01	-4.165189661285373379e-02
5.269827775853875851e-01	-2.751813995778276123e-01
5.283118979895987666e-01	-4.196535734908823922e-02
5.284246447091699439e-01	7.720695762203222401e-02
5.297531852002057562e-01	8.403402135177251431e-01
5.298653810022602162e-01	-4.206336283190292846e-02
5.311944318168904111e-01	2.486916983573623785e-01
5.313071959338568906e-01	-3.706048691445108512e-01
5.326360031849532994e-01	-1.125404563672049996e-02
5.327485933279670904e-01	-2.007163633088805410e-01
5.340773077929555912e-01	-2.951223187194529363e-02
5.341901762942935505e-01	2.451240635697478076e-01
5.355185428113766744e-01	-2.204066056589942812e-01
5.356314925005593031e-01	-1.567776828051333782e-01
5.369603519438416184e-01	-2.090640783131076930e-01
5.370725941389501434e-01	5.796012523479330270e-01
5.384015869622627015e-01	-1.288621146977314558e-01
5.385139857339286129e-01	-5.248267852967480884e-02
5.398423754475387693e-01	-3.951132178385690086e-01
5.399554063245659563e-01	1.179490128939080229e-01
5.412841787808718719e-01	1.731285302545728655e-01
5.413969660943653839e-01	-5.421761078865416916e-02
5.427253906027660335e-01	-2.591285719190928871e-01
5.428381953136547367e-01	-3.564439572946953572e-02
5.441671359447816103e-01	-1.644367720849111425e-01
5.442797956773764989e-01	2.583017239802432030e-01
5.456086261249999403e-01	1.658983129675923873e-01
5.457206363548383621e-01	5.142977277659666058e-03
5.470498785408164366e-01	-1.620765648455737562e-01
5.471618829715230170e-01	1.680535711412676214e-01
5.484912237427409520e-01	2.520791598653706611e-01
5.486039762614438597e-01	-9.348158657091132362e-02
5.499325515472701653e-01	2.269613330304398602e-03
5.500452576729190080e-01	1.067678417749275965e-01
5.513739257448534437e-01	3.448509930890186759e-01
5.514866086739752538e-01	-2.010784347645913073e-01
5.528149751910584886e-01	5.435048137702476190e-01
5.529278088976059546e-01	1.176578190033688021e-01
5.542574744202021231e-01	-4.148089664643850316e-02
5.543694788509087035e-01	5.365937627710337665e-02
5.556979439532316878e-01	2.383944582889847563e-01
5.558104703057961116e-01	-1.348367641432760555e-01
5.571394457317134785e-01	1.272258982796048432e-01
5.572519256912239483e-01	1.491057774824167126e-03
5.585809069162731566e-01	2.822621044187876294e-01
5.586933346835978309e-01	8.010094192297168014e-02
5.600221013407720161e-01	-4.301946332318387078e-01
5.601347088811811092e-01	-2.127539455388891554e-01
5.614636379140444111e-01	-4.888389972297425556e-01
5.615760018909198292e-01	1.042005685514992841e-01
5.629050932994722478e-01	9.445012067284141999e-02
5.630175732589827176e-01	2.524712602010159568e-01
5.643460615578327344e-01	2.177505654202271934e-02
5.644588836661166287e-01	-3.408457002987846929e-01
5.657874415545477431e-01	-1.309337937956623898e-01
5.659006348072640469e-01	-2.482907336075090843e-01
5.672291347043775245e-01	-4.311837225330694690e-02
5.673418350308946367e-01	-2.283956614426596587e-03
5.686704741071701985e-01	1.083249528858878374e-01
5.687830526519205288e-01	2.185842572279057539e-01
5.701118541038853182e-01	2.409915251791887592e-01
5.702244210503720767e-01	-3.499825554506360570e-01
5.715531761092828011e-01	7.651760828944143000e-03
5.716659112305904067e-01	-7.518153239342817429e-02
5.729943879311768518e-01	2.523823496270063416e-01
5.731069200828731169e-01	1.002383244878792823e-01
5.744360752818749027e-01	-1.609119460921898392e-01
5.745485842370441354e-01	2.218652455793841405e-01
5.758772581081103015e-01	-7.173746291854599111e-02
5.759898830459145858e-01	1.013474329357970660e-01
5.773188584718319527e-01	4.604529111503419259e-02
5.774313558287377246e-01	4.247008426057381492e-01
5.787601920754930074e-01	2.586931970807984094e-01
5.788728808037465479e-01	-4.234081847710432500e-01
5.802014792860998860e-01	-8.245620496741334904e-02
5.803141912108805700e-01	-3.443056858640758389e-01
5.816426273175447914e-01	2.808927718129003992e-01
5.817554552249605271e-01	-3.393847309340347618e-02
5.830842334803982840e-01	4.103650710059172368e-01
5.831969106103883638e-01	9.999213471504853068e-02
5.845253525161843156e-01	3.211728684409806966e-01
5.846382036201270838e-01	-1.776532426666015407e-01
5.859670978581998924e-01	-3.196376274352228375e-01
5.860795546211833296e-01	-4.795162844802812740e-01
5.874080371209015050e-01	-2.297598977634485173e-03
5.875210737970604225e-01	-7.422484207238377873e-02
5.888498520524981794e-01	-7.662033128553447092e-02
5.889624943876977659e-01	-1.089813496890260636e-01
5.902912204509497274e-01	2.459474664341638750e-01
5.904042803236355663e-01	-1.430138712030194492e-01
5.917328672077254437e-01	-2.460085387324921768e-01
5.918450978045703970e-01	1.017821068531767903e-01
5.931741138244100986e-01	1.714251949632530359e-01
5.932865009978124382e-01	1.342862916659641748e-01
5.946152618558548930e-01	-4.258529903431462760e-01
5.947280491693484050e-01	-1.095320800667243244e-02
5.960564968742760872e-01	1.499220079898393454e-01
5.961692783886377578e-01	-2.883897340720131819e-02
5.974982944084774594e-01	8.339753274731398491e-02
5.976106525862210361e-01	4.447634094174968133e-02
5.989397149991148028e-01	-1.059099362619988494e-01
5.990518702072469281e-01	-4.248828144676667362e-01
6.003809500175358860e-01	8.234879567681008261e-02
6.004934241779146253e-01	2.629673337929281374e-01
6.018222952194604014e-01	-1.277552015726289847e-01
6.019347577815756800e-01	-1.736414470308702551e-01
6.032635418361450563e-01	5.437152331742822753e-02
6.033761957696082145e-01	-1.031673508309115528e-01
6.047050610120222602e-01	2.625824466608179808e-01
6.048176221593772883e-01	1.023913873387394258e-01
6.061461394538860681e-01	-1.618052072647564454e-01
6.062589789595652645e-01	1.534940334230843195e-01
6.075881225603034785e-01	-1.454126534003927773e-01
6.077003183623580496e-01	-4.108846521550519881e-01
6.090291256134545694e-01	-4.522827169266905312e-01
6.091416693634142954e-01	9.696704031163072557e-03
6.104704070249297176e-01	-1.092156219951464502e-01
6.105832407314771837e-01	2.795542521308100881e-01
6.119119435982021127e-01	-5.077871600326488988e-02
6.120248410951989460e-01	-2.248101880128255958e-01
6.133535149662650010e-01	-1.713155204769889473e-02
6.134657803579005586e-01	-1.126338964269516518e-01
6.147943034515410687e-01	-1.756449143127620793e-01
6.149071371580886458e-01	1.683308874554403367e-01
6.162362169683776036e-01	-2.919583701479837590e-01
6.163483663773779986e-01	-5.104937398817808170e-01
6.176772374189237746e-01	2.252285585364268705e-01
6.177899725402314912e-01	-3.123689135945926232e-01
6.191186928043516113e-01	-7.909414648055068664e-02
6.192315613056896817e-01	-1.477834452318739222e-01
6.205605135350800161e-01	1.229304355744149646e-01
6.206723671883609406e-01	1.821523262814492838e-01
6.220017833482917036e-01	5.892917029024413722e-02
6.221144836748088158e-01	-3.223749597724312466e-01
6.234430821571621539e-01	1.788911742396928073e-01
6.235552199678990881e-01	-2.526735387989836878e-01
6.248838532450429195e-01	3.046805057929184990e-01
6.249970522968909536e-01	-1.181946491174729053e-01
6.263249896782242532e-01	-2.681435082503227374e-01
6.264383511057614040e-01	-5.256536983898802973e-01
6.277670191776958397e-01	4.058580732666199342e-01
6.278794991372063095e-01	-4.651202770782902896e-02
6.292083933752791181e-01	2.432226003943693815e-01
6.293213256670664446e-01	-2.671648826697925472e-02
6.306499299485515131e-01	-6.370265981984968295e-02
6.307619865714438889e-01	2.443907473451347734e-01
6.320908866086484279e-01	2.258005185341336318e-01
6.322039464813343779e-01	-1.273216253166566947e-01
6.335332408594982478e-01	4.108903803938042110e-01
6.336450365214616465e-01	-9.906139152729187547e-02
6.349740931352235718e-01	5.351845403012085445e-01
6.350866368851834087e-01	-8.115132076702491482e-02
6.364153223545130356e-01	-1.495363500639712573e-02
6.365279356940538591e-01	2.642395233642493846e-01
6.366413667111719965e-01	6.050900070455167423e-03
6.378571720809002032e-01	4.267271255640292527e-01
6.379694026777451565e-01	6.622893226783022058e-02
6.380829090835762329e-01	-1.120982556287453136e-02
6.392983027149496955e-01	-1.284268919496479588e-01
6.394106202987710486e-01	-2.104185924899935056e-01
6.395237555601698265e-01	-7.701760631067222640e-02
6.407397117073235782e-01	-1.947109009395391332e-01
6.408521452737799828e-01	-2.644062063708589871e-01
6.409653791204185103e-01	-2.467176280017533418e-01
6.421809931187987264e-01	-3.942366192424273663e-03
6.422935078730996894e-01	4.675406856361665753e-01
6.424070316763259569e-01	-2.375088760277090927e-01
6.436223151241962093e-01	2.193647728930423479e-01
6.437348356776290137e-01	-5.952707742123863888e-02
6.438482492973519600e-01	-3.238775014305603772e-01
6.450633993651917475e-01	1.258331831979497828e-02
6.451763084604520415e-01	9.293260377693823848e-02
6.452900294341580301e-01	-1.733085420068453120e-01
6.465049533358594447e-01	3.076016180115010989e-01
6.466175782736637290e-01	2.360834105998272925e-01
6.467308237185658282e-01	-1.780988931980566070e-01
6.479465594987129373e-01	2.967220685664313518e-01
6.480591728382537609e-01	4.698802545532543284e-02
6.481729112093549405e-01	-2.386223751212569466e-01
6.493879220980326439e-01	4.254703032524131956e-01
6.495000889044283410e-01	-2.278471819142883215e-01
6.496139838520869070e-01	1.702107894245992181e-01
6.508296036495989645e-01	6.073286319596649108e-02
6.509417414603358987e-01	3.329156501786825206e-01
6.510554102418559808e-01	-1.453810564327332466e-01
6.522697484312501848e-01	5.779716776154120161e-02
6.523831736492367028e-01	-1.328049144735611309e-01
6.524965002819832494e-01	-3.873368747991516869e-01
6.537119866994649531e-01	-4.555753270959994605e-02
6.538245942398739352e-01	-2.371734620633240143e-01
6.539375845229788986e-01	-5.286168353594937752e-01
6.551536044605819065e-01	-3.621546404052594648e-01
6.552656784808695845e-01	-6.453501875296363544e-03
6.553793066684674429e-01	-3.523381368311846451e-01
6.565945263258883280e-01	7.291839450283221780e-02
6.567070236827939889e-01	2.095737899466922904e-01
6.568205822808108607e-01	-6.114955247215059231e-01
6.580363412574848914e-01	-2.125286897371877481e-01
6.581485254612758906e-01	-3.177008822860312165e-01
6.582619622775258694e-01	-2.081210303552712970e-01
6.594775240837202901e-01	1.203007524595300914e-01
6.595894705231093447e-01	-1.360225520809481559e-01
6.597032552872645894e-01	-1.751740959733201208e-01
6.609187707004049450e-01	2.895127852505801069e-01
6.610314304329998336e-01	-4.644402186654712494e-01
6.611447628648782215e-01	-1.737136574706082959e-01
6.623597099631066687e-01	1.825421528898931722e-01
6.624728974166911311e-01	-1.707944269572956308e-01
6.625862704424918537e-01	-2.685431354070479948e-01
6.638017336634464138e-01	1.398777788758960305e-01
6.639141266359805948e-01	-1.797877236779200638e-01
6.640276098452845277e-01	-2.976143057634148548e-01
6.652430962627662314e-01	5.500263338098985155e-01
6.653556574101212595e-01	-1.642024997787907559e-01
6.654697205326006726e-01	1.721352250851491128e-01
6.666845864429845614e-01	-2.366483878885957681e-01
6.667968982276741841e-01	6.222842686371921062e-02
6.669103060482652889e-01	-5.768261423466547466e-02
6.681257692692199601e-01	-3.297000463667764114e-01
6.682385043905275657e-01	-5.172580783056532905e-01
6.683514946736324180e-01	-2.507858747955857837e-01
6.695675320086307281e-01	-2.219071088030808436e-01
6.696801105533810583e-01	-9.084282651588670987e-03
6.697931820243304690e-01	-9.455094399499952562e-02
6.710083088956433350e-01	2.125372405338510351e-01
6.711209686282382236e-01	4.596524023667103442e-02
6.712346084140995428e-01	2.871729451830029589e-02
6.724493061496625845e-01	4.156314936304494889e-01
6.725626211841456703e-01	-1.586499795488259812e-01
6.726759246203652953e-01	1.845742377727703776e-01
6.738914052387151576e-01	-4.359896974306735062e-01
6.740038793990938970e-01	-5.671274233942577014e-01
6.741174437962423882e-01	-4.268140321076274724e-01
6.753328548250112640e-01	-1.146237997500217931e-01
6.754453985749709899e-01	2.649637446800572338e-01
6.755584932424474331e-01	-3.054846948641410931e-01
6.767734055458853870e-01	-4.733106165106458763e-01
6.768867263795002032e-01	4.154707466699680829e-02
6.770001168026961169e-01	-4.108095587216809008e-02
6.782158351854479239e-01	5.482749366298060867e-01
6.783282861492996307e-01	-2.311375787921168268e-01
6.784414388080935998e-01	-2.685941766624979632e-01
6.796568382385989038e-01	-4.813312284154306342e-01
6.797692196128695130e-01	-2.346689123488970852e-01
6.798823316777412584e-01	-4.198123636065709263e-01
6.810982994231584708e-01	2.302396001062723130e-02
6.812109765531486616e-01	-4.028696461638784365e-01
6.813246221381417111e-01	-6.081582028185056332e-01
6.825397084155323535e-01	2.940333469486988704e-01
6.826522347680967773e-01	-2.845722245054138622e-02
6.827658629556946357e-01	-3.075277563610900877e-01
6.839814421592843585e-01	-1.353669346031105558e-01
6.840936495596023903e-01	8.341290000701939711e-02
6.842071095723794016e-01	-3.903134581210074838e-01
6.854216623296485178e-01	9.234349069638607688e-01
6.855350237571856686e-01	3.560559207370332935e-01
6.856482054116384006e-01	7.598837868224128655e-03
6.868642311483732499e-01	-7.601724474648574592e-02
6.869764269504277099e-01	-7.978857412958284545e-02
6.870897825788331303e-01	7.628311873882753780e-02
6.883046716857440517e-01	1.872594311931179423e-01
6.884176097766631086e-01	-8.283199719071820954e-02
6.885311567764164087e-01	-1.549998633468742115e-01
6.897466431938980014e-01	-3.888735223653003725e-01
6.898590651620909453e-01	-5.573881269071134792e-02
6.899726527557664690e-01	-4.086998355277540185e-01
6.911874258800423387e-01	3.164497882131733775e-01
6.913003755692248564e-01	7.565045577749840433e-03
6.914139457655051890e-01	-2.263352317298089611e-01
6.926285913088824353e-01	4.163957795876318535e-01
6.927419527364195861e-01	3.298814004307384362e-01
6.928552271769803372e-01	-9.628409092176104522e-03
6.940696117594286063e-01	-2.442322089575719168e-01
6.941829267939118031e-01	3.592673643979062970e-01
6.942964331997427685e-01	-1.342198000278608250e-01
6.955121109885723518e-01	-1.941705379094919026e-01
6.956247649220353990e-01	2.745561113473660164e-02
6.957380103669374982e-01	-2.934915074854160810e-02
6.969530966443280295e-01	3.096262544776808845e-01
6.970659883421930214e-01	-5.744246159957622222e-02
6.971794599532334935e-01	-2.986348352235324022e-02
6.983948593837387975e-01	-1.321914785555272642e-01
6.985075887059147837e-01	-6.138518297101958066e-02
6.986206949716546877e-01	-3.724813605228678437e-01
6.998362103847951543e-01	-1.242916878099565858e-01
6.999487367373595781e-01	1.465412892590489680e-01
7.000621851518730177e-01	5.287070835266314273e-01
7.012776657702229910e-01	5.336106506515905235e-01
7.013898499740138792e-01	1.376053845491609362e-01
7.015034027728990207e-01	-7.403275132606690345e-02
7.027189587799616000e-01	-9.726146203210972452e-02
7.028316185125564886e-01	-1.377793591636917725e-01
7.029449741409619090e-01	-4.807697925741460931e-02
7.042729927101397669e-01	-1.878106877142922126e-01
7.043864643211802390e-01	1.719539541441350572e-01
7.057143669077230452e-01	-1.471743999594702368e-01
7.058278907109493128e-01	-6.542481216387008303e-02
7.071558454896779145e-01	-8.850377049217206249e-02
7.072690213449989161e-01	-1.966405112895817098e-01
7.085971906916024299e-01	6.816630465211170886e-02
7.087106217087205673e-01	-1.416316018734005144e-01
7.100385358935269453e-01	-2.296118294356571665e-01
7.101515551722905606e-01	2.652637982662429117e-01
7.114798926937149215e-01	2.220373432072066944e-01
7.115934280952046498e-01	-2.622849757008171023e-01
7.129212031008488326e-01	-1.997072988578201258e-01
7.130346341179670810e-01	-3.402560209097850175e-01
7.143625483027733480e-01	-2.491595326115650932e-01
7.144762460799523041e-01	-1.651457045453996741e-01
7.158042008586809057e-01	-3.847423560515008667e-01
7.159166460234007712e-01	-3.710864288848693127e-01
7.172455924536593752e-01	4.191466758836619455e-01
7.173585769376324972e-01	6.749077246016632614e-02
7.186868274720805694e-01	-3.908369642080106177e-01
7.188003744718338694e-01	-2.118301850600705638e-01
7.201284626305928249e-01	-7.821923193436708388e-02
7.202414761102247098e-01	-2.307646875311033519e-01
7.215699528108111549e-01	4.290916450446105035e-01
7.216828039147539231e-01	-7.333785325071751071e-02
7.230108514795905439e-01	-3.306597160544982872e-01
7.231245376585059281e-01	-2.869320217541546647e-01
7.244522778693596177e-01	-2.984105986788532228e-02
7.245657610786636615e-01	-6.793226284058839770e-02
7.258931707390072763e-01	-3.133105502734765402e-01
7.260073034510677870e-01	-6.305152919625873764e-01
7.273351422471612260e-01	-7.427784343748999873e-02
7.274480803380802829e-01	7.698162341594438907e-02
7.287764062612411831e-01	-2.084596588994926947e-01
7.288897966844370968e-01	-1.773913720165205543e-01
7.302178326510102568e-01	-6.337516469847603862e-02
7.303311418863616122e-01	-4.603807923650921063e-01
7.316594678095225124e-01	8.455405788024838998e-03
7.317728060405326307e-01	-2.922101266322383317e-01
7.331005752470450831e-01	-1.756238235328604347e-01
7.332141802381159090e-01	4.786527824908590745e-01
7.345421408159762411e-01	1.804153555084273552e-01
7.346557864009694017e-01	-4.356639272057972745e-01
7.359827031351138249e-01	4.743540088327824478e-02
7.360964299079515438e-01	-1.895176296073798339e-01
7.374247326345854114e-01	-2.436511540510599705e-01
7.375379722803556692e-01	1.867411781999936959e-01
7.388661416269591831e-01	-7.515628618105496539e-02
7.389794798579693014e-01	-1.138341287403588087e-02
7.403071620775054651e-01	3.355895533674133624e-01
7.404208018633667843e-01	-2.879353626850186254e-01
7.417488784238622790e-01	-3.026334589223733662e-02
7.418621180696325368e-01	-3.495623079403264999e-01
7.431904613901886281e-01	4.271747737629727482e-03
7.433030689305977212e-01	-2.121066389259943508e-01
7.446316906094780919e-01	1.151521536588706596e-02
7.447447910760862655e-01	7.780220372245572058e-02
7.460732677766728216e-01	-5.733622365620505423e-02
7.461863914398080277e-01	-3.921737197914103579e-01
7.475147231621006583e-01	4.809377999237811618e-01
7.476278932182898185e-01	-3.494937825067424564e-01
7.489558711935454527e-01	-4.639801809291388413e-01
7.490695689707244087e-01	-2.693859041548684052e-01
7.503971816006794748e-01	-1.053441702108058875e-01
7.505104502421084955e-01	-4.440602137273075289e-01
7.518389849340125775e-01	-1.082109661583818827e-02
7.519519810162491602e-01	-1.170585695606846111e-01
7.532799067993189990e-01	2.400017302384815920e-02
7.533935465851803182e-01	-2.523091152116854197e-01
7.547216521413344648e-01	-2.200364585514995586e-01
7.548345322409359959e-01	-1.953649503296513990e-01
7.561626725918807468e-01	-1.253641030051082517e-01
7.562760224211544369e-01	-4.578473506343313515e-01
7.576040815842545184e-01	2.475928608840436418e-01
7.577173676230789523e-01	-3.640588869363496904e-01
7.590453282009392844e-01	-1.588539877618529994e-01
7.591591187642262595e-01	8.303301278696384458e-03
7.604869343637926660e-01	6.721839562232778675e-02
7.606002667956710539e-01	-2.760868918346494061e-01
7.619282273735313860e-01	-7.897646149678683170e-02
7.620417743732846860e-01	-3.602853622304376113e-01
7.633697001563545248e-01	-5.558881546250648009e-01
7.634829108064660197e-01	-5.585792675765777204e-01
7.648112773235491435e-01	9.860569198429258719e-03
7.649249693015963691e-01	-1.605227467188360402e-01
7.662523035732271559e-01	-1.313640770674121550e-01
7.663655780137880180e-01	-2.152013384557385223e-01
7.676939097360806485e-01	1.286548182190436762e-01
7.678071841766415107e-01	-1.436321681930009531e-01
7.691347562126742421e-01	3.185403627681908656e-01
7.692486105664104734e-01	-3.270369629833485003e-01
7.705760956154670271e-01	4.159223739034436651e-01
7.706898745804904305e-01	-1.687616364349457942e-01
7.720176147913441200e-01	4.676071725557080505e-01
7.721311617910974201e-01	-2.908215065473329641e-01
7.734589078010828400e-01	-2.865036201876748345e-01
7.735725939799982243e-01	-4.176702773697860138e-01
7.749006183483079235e-01	1.445731039509703386e-01
7.750141305532706193e-01	-5.284463842237825393e-01
7.763419287554418347e-01	1.686208268757991569e-01
7.764554757551951347e-01	-2.204803841864572123e-01
7.777838538705418303e-01	4.275856535934861036e-01
7.778969137432276693e-01	2.000711783329762739e-01
7.792245205740510050e-01	3.574822533317258966e-01
7.793381313642535613e-01	-7.333981336037376231e-02
7.806663123091206469e-01	-1.666403273605174817e-01
7.807793431861477229e-01	-3.454472929300949069e-01
7.821076227162545580e-01	1.782696626698747622e-01
7.822209957420552806e-01	-1.613627713131375874e-01
7.835489099268615476e-01	8.194885490254000260e-02
7.836627120884119835e-01	-3.201568392496467741e-02
7.849902145348637283e-01	-2.916466343082467771e-01
7.851037035432995026e-01	1.706856063877399965e-01
7.864317279116090909e-01	9.146895069438998327e-02
7.865448167799538037e-01	-2.652649696134747881e-01
7.878731137074559410e-01	2.806501102374510115e-01
7.879865157289153155e-01	4.515806708020875249e-02
7.893141167606069208e-01	-5.484445385673708540e-02
7.894279595160796914e-01	-5.554353692944606902e-01
7.907560998670244423e-01	-2.309387452685822684e-01
7.908695482815378819e-01	1.596541876465005227e-01
7.921969057496957012e-01	-6.891372894768810209e-02
7.923105803303476247e-01	-3.588864711709334188e-01
7.936392426031502190e-01	-1.157163648724404137e-01
7.937520821088295264e-01	-2.164790947384837017e-01
7.950799035075277743e-01	2.356896637720709009e-01
7.951932475376696230e-01	-1.352537186693630877e-01
7.965211675216076204e-01	4.470244530768903157e-01
7.966348131066007809e-01	-1.422073252816472566e-01
7.979622459634714282e-01	-1.864388461680448472e-01
7.980762974876873805e-01	1.410409863503276906e-01
7.994045190264766898e-01	-4.575289112195698449e-01
7.995175557026356072e-01	1.045567596782410735e-01
8.008455394770229718e-01	-2.454929514885004771e-01
8.009588719089012487e-01	3.116188235498837944e-01
8.022874703912545868e-01	9.393092682708203967e-02
8.023998865603158004e-01	-9.123843708024792498e-02
8.037283342652434825e-01	-6.451971192897965057e-02
8.038417246884393963e-01	3.198327806711651622e-01
8.051696678689045372e-01	-4.341287709673347095e-03
8.052830698903639117e-01	1.331923152645930752e-01
8.066110768612783088e-01	-4.005412711053593089e-01
8.067244382888154597e-01	-6.480298697650710427e-02
8.081661140412499389e-01	1.221818304944828348e-01
8.096074012518569285e-01	-3.439651756145842842e-01
8.110485666806970251e-01	2.454751404427168993e-02
8.124897147121418195e-01	3.530608552135516831e-02
8.139311005079886696e-01	2.127103574186948176e-01
8.153725674916799671e-01	-6.360357464429200469e-03
8.168137793135741287e-01	-4.171680188714570470e-01
8.182555652495119292e-01	7.711953673136151544e-02
8.196968640583824905e-01	-2.229447908551230872e-01
8.211382092603068950e-01	-2.563742258300677479e-01
8.225797922266333551e-01	-4.629227409717611152e-01
8.240211026337673772e-01	-3.209918279945634945e-01
8.254625000278776881e-01	-1.754229514952831970e-01
8.269038858237244272e-01	-5.747173600053614440e-01
8.283452716195711663e-01	-1.289492219708573417e-01
8.297865124371240908e-01	-7.605981832822050759e-02
8.312280722069235184e-01	-2.869287287699320288e-01
8.326688606921995861e-01	-6.897660926546211879e-02
8.341103682698132182e-01	-2.550262976216270960e-01
8.355524035684165352e-01	-1.337054672540491929e-01
8.369936733816282226e-01	-2.304552254185675553e-01
8.384348736052588125e-01	-3.071115074744793505e-01
8.398763927811360164e-01	1.768718692717781149e-01
8.413175060177903175e-01	-3.989072844936789597e-01
8.427589845997451867e-01	1.486692627063084249e-01
8.442001500285852833e-01	-4.405918388926873819e-01
8.456416576061989154e-01	-6.372752397408297798e-01
8.470830665985726871e-01	-4.118589834629969859e-01
8.485243828048384396e-01	3.971413692520275873e-02
8.499660469590094580e-01	-1.647229480947302038e-01
8.514074153574608950e-01	1.405936109223748787e-01
8.528484706027976703e-01	3.614046499984646665e-02
8.542897810099316924e-01	-1.910919896833156439e-01
8.557316307363188601e-01	-1.690620820430625004e-01
8.571729875365068363e-01	-5.756547808160517032e-02
8.586141065722928678e-01	-3.595871319686724243e-01
8.600553531889776337e-01	2.351903846404195253e-01
8.614970985309932106e-01	-2.298363795978822788e-01
8.629378638197422458e-01	-5.342476423691311371e-01
8.643798991183454516e-01	-1.062131260236344188e-01
8.658208209836518732e-01	1.784613434255954978e-02
8.672623923517148725e-01	-6.288982799005307101e-01
8.687038071432203745e-01	-2.115350709502188398e-01
8.701452335329894483e-01	-9.540908000252523724e-02
8.715871644472211743e-01	-4.861167185346944031e-01
8.730280167229464983e-01	1.037802426368035213e-01
8.744693909205297766e-01	-3.280457138168638709e-01
8.759108984981434087e-01	-1.419663886026956146e-01
8.773514434198858014e-01	-2.690428849650169374e-01
8.787942326056171760e-01	2.812642109484064790e-03
8.802351950648459322e-01	6.917991655757482761e-02
8.816762097162603729e-01	-1.986301793994932341e-01
8.831178448747726284e-01	-3.196934513582340154e-01
8.845589813079539621e-01	-1.844077805421925342e-01
8.860008194360775580e-01	-1.426714008438716430e-01
8.874419210744683983e-01	-6.406896511241799708e-02
8.888826051753728752e-01	-9.880116736932220700e-02
8.903245998800538574e-01	-2.552065493056199230e-01
8.917659914750324379e-01	-1.417971135327779075e-01
8.928881002730029159e-01	2.921732812892616771e-01
8.932075802404906284e-01	9.704279691741546365e-02
8.943298746106772557e-01	-1.080136827539065481e-01
8.946489370406786046e-01	-4.617331112191628284e-01
8.957707906768519468e-01	-1.293117638528854529e-01
8.960900734738599382e-01	-3.752313960149966654e-03
8.972126056084485102e-01	1.448929154424913879e-01
8.975315926497371422e-01	-2.209801337444260438e-01
8.986540667930081883e-01	-3.929821866202456437e-01
8.989729552490568487e-01	-2.290778955652824633e-01
9.000953945975374015e-01	-9.662466160697280593e-02
9.004141960666097733e-01	-3.505894838046110795e-01
9.015364962359282419e-01	-2.233208966959721042e-01
9.018555934607200841e-01	5.503890145320355920e-02
9.029779690187512697e-01	-1.322473024785385531e-01
9.032972924096815959e-01	1.976255887170108583e-01
9.044194244041791064e-01	-4.116962943615245507e-01
9.047381620828022220e-01	7.382169143683880996e-02
9.058602360859822067e-01	-4.129828711377232509e-01
9.061799944117940875e-01	-4.883609052510451409e-02
9.073020278210518486e-01	-5.355622095112216874e-01
9.076211424432389929e-01	-2.207243966051375406e-02
9.087438949448342074e-01	-1.709723265097008449e-01
9.090630443618118450e-01	-4.923728576955477276e-02
9.101848342075359310e-01	-2.426023385761697515e-01
9.105039604279865362e-01	-6.290216492022977501e-01
9.116259996363760276e-01	-2.463590063390377338e-01
9.119450272715867722e-01	-2.374618333959579441e-01
9.130673622356957342e-01	-8.389445502881598404e-02
9.133866508318355670e-01	-1.489539443142269270e-01
9.145095309143294049e-01	-4.315721198938962111e-01
9.148284831608274326e-01	-1.656986302459129146e-02
9.159503020022101705e-01	-3.663037221213175654e-01
9.162693238382892957e-01	1.235185468756894167e-01
9.173918153789556440e-01	-1.878199394318700310e-01
9.177108662106934212e-01	-8.083770322201777603e-02
9.188333867470185323e-01	1.081911950029426084e-01
9.191522230108813973e-01	7.247540972050958707e-02
9.202745985689126940e-01	-1.849831527750533944e-03
9.205935334180154195e-01	1.554230949424231234e-01
9.217155146350873851e-01	-6.792409130667440564e-01
9.220351047860783078e-01	-6.201242410460594545e-01
9.231575615319541628e-01	-6.335866661874216543e-01
9.234763514027629627e-01	1.833366245357823665e-01
9.245988545416928828e-01	-5.240890604578396506e-01
9.249177951899273387e-01	-4.232480046099308391e-01
9.260406926698164787e-01	2.159236043804515504e-01
9.263585488804129131e-01	-2.387700105805689033e-01
9.274815275481466115e-01	-3.720647588165190145e-01
9.278005435850938953e-01	-1.667987826251323691e-01
9.289230177283649414e-01	-1.944164140647749450e-01
9.292420163679170342e-01	-1.570760114948214214e-01
9.303642991398400897e-01	-2.403397447977159151e-01
9.306833499715779778e-01	-3.466119508856719822e-01
9.318054587695484559e-01	-3.884685245081167526e-01
9.321252054970968759e-01	1.761717965069358183e-01
9.327936308205169169e-01	1.451190336924415014e-01
9.332470707315336789e-01	5.834190346855283593e-03
9.335662781398289534e-01	2.390436286384844955e-02
9.342350050181001953e-01	1.207763534665333705e-01
9.346882477586373472e-01	7.537682446947746584e-03
9.350074261712737478e-01	-1.480709720849238131e-02
9.356764488052644602e-01	3.186664370212837216e-01
9.361300626902339106e-01	-4.002102085844111423e-01
9.364488003688570261e-01	-2.005693550846584516e-01
9.371179099898240272e-01	3.295279534575157321e-01
9.375707583894019592e-01	-3.171333913383408420e-01
9.378900991777274765e-01	-1.704480363788352104e-01
9.385592493926168123e-01	2.998473458068136033e-01
9.390120977921946333e-01	-1.672804207698771473e-01
9.393322098650436214e-01	-5.220222424318565757e-01
9.400002640440312529e-01	2.511856634796454379e-01
9.404541794838520152e-01	-1.007468506185464907e-01
9.407727199919954097e-01	-1.261323091816032305e-01
9.414418528094894434e-01	6.176300454291814290e-01
9.418955652796987543e-01	-3.006675293728316989e-01
9.422142565652678048e-01	-2.161459545012999195e-01
9.428832965966538193e-01	6.005684669369293349e-01
9.433365741319815756e-01	-2.908775656835029810e-01
9.436556017671923202e-01	1.109168450865993805e-01
9.443246417985783348e-01	2.156074778950844983e-01
9.447781918930985290e-01	-6.185806938939206745e-01
9.450974051005254228e-01	-3.416150041366871060e-01
9.457662827562223207e-01	-1.550937918016038752e-01
9.462197748594248781e-01	-1.864232436951807070e-01
9.465382863719096207e-01	7.007904009044496618e-03
9.472073611980861285e-01	5.937706498401273958e-01
9.476611084630859327e-01	-1.343748054994805541e-01
9.479796663686246294e-01	-3.595069634837300132e-01
9.486488513783044585e-01	-8.781341987122515125e-02
9.491022390971355360e-01	-4.462034760298861924e-01
9.494214697019577320e-01	-6.870109625217324378e-02
9.500902893663369930e-01	7.358662120284538144e-01
9.505434161242390934e-01	-4.004079444465381554e-01
9.508625481438215399e-01	-1.785867432579801850e-02
9.515312808212245121e-01	9.765983943721678884e-02
9.519845351600252359e-01	-1.892048745106215124e-01
9.523041659049384933e-01	1.454678548068757404e-01
9.529726434205442187e-01	4.642655776136570545e-01
9.534266458473412698e-01	-3.781243202123741876e-01
9.537453661285690831e-01	-1.961979364978549967e-02
9.544143365703740001e-01	7.110769404184553721e-01
9.548680664379786132e-01	-5.084678489454210748e-01
9.551869722914225758e-01	-1.502384433741899006e-01
9.558554614052918730e-01	1.069585212422918818e-01
9.563091912728963750e-01	-2.557378174268620796e-01
9.566281899124484678e-01	-3.692467875680506273e-01
9.572970791664088264e-01	1.060631431512966127e-01
9.577498173824833261e-01	2.125065844188265274e-01
9.580692799525757364e-01	-4.628997684865893136e-01
9.587383431804887834e-01	-2.996128335689727251e-01
9.591920034585122989e-01	-2.770478159925512385e-01
9.595107121414765405e-01	-3.539616564573001556e-01
9.601797289763355225e-01	4.106567173541098015e-02
9.606332674725922560e-01	-1.633671794476644346e-01
9.609521037364551210e-01	-4.477310678894227403e-01
9.616220194367360863e-01	1.563078884412745229e-01
9.620747924476010793e-01	-1.690477340403784279e-01
9.623944405899096388e-01	1.595956979743566873e-01
9.630617002878469890e-01	1.910544387008628053e-01
9.635164392043767956e-01	-1.888164591811301030e-01
9.638352116777904044e-01	-9.445160563761834105e-02
9.645038283725583250e-01	5.998700406641983562e-01
9.649573088774974217e-01	-3.225899445995336068e-01
9.652772295789985302e-01	7.527217258249674359e-02
9.659452199675369055e-01	5.178556028518399579e-01
9.663989962281954726e-01	-3.444143935456138728e-01
9.667168118448695724e-01	-4.181185952947252815e-03
9.673868725234443522e-01	-2.202820210892401098e-01
9.678401674561672996e-01	-5.367318461453258749e-01
9.681592762792227136e-01	-2.992823590809214895e-01
9.688277943887507737e-01	6.483890090397226302e-02
9.692816344398587081e-01	-5.942693362203199658e-01
9.696002967297689956e-01	-4.498996335752336595e-02
9.702695513290299223e-01	5.277569791740324145e-01
9.707233449870836806e-01	-5.097345502097048175e-01
9.710417521151968323e-01	7.670250380088816655e-02
9.717111052996975085e-01	1.960823551824169009e-01
9.721644756211332838e-01	-4.902172679356625595e-01
9.724835148546076002e-01	-2.294656836596837834e-01
9.731522475320105725e-01	1.257198284240945707e-01
9.736059136091659294e-01	2.376611420643719441e-01
9.739241467633262817e-01	2.930736592923133266e-02
9.745940044722897211e-01	4.773322958176065001e-01
9.750474501824383244e-01	-3.575380333339821526e-01
9.753660428827675144e-01	1.547822550470367986e-03
9.760352104950520413e-01	7.092165611414733561e-01
9.764889751574471477e-01	-4.573813541646439829e-01
9.768073068968474715e-01	-1.307054802228971857e-01
9.774760917664362392e-01	3.246745471710932307e-02
9.779299666123346668e-01	-2.483188023777872511e-01
9.782489130597008531e-01	-1.147200019319527531e-01
9.789173789770432288e-01	5.959419629443196698e-02
9.793710740498572376e-01	-4.400159194734750701e-01
9.796901596763856190e-01	8.837942585413838259e-02
9.803595766513355514e-01	-2.090728596043679444e-01
9.808129063788491031e-01	-2.031222803054026915e-01
9.811319050184010848e-01	-1.778665025972063773e-01
9.818005681062230705e-01	3.120746666515514800e-01
9.822541066024796930e-01	-2.400661134896971971e-01
9.825731864298763441e-01	-4.427483695052081281e-02
9.832418089237759951e-01	4.550762699274033540e-01
9.836952082408705333e-01	-2.486692699843326970e-01
9.840144794396150640e-01	-2.373065927111794871e-01
9.846833454970483901e-01	-2.788973150285101177e-02
9.851374639064804928e-01	-7.188235422433930655e-02
9.854554360997119788e-01	-2.250377959461143940e-01
9.861246559041824122e-01	4.838412711554569423e-01
9.865784147674456772e-01	-2.662698786320638611e-01
9.868972974243626073e-01	2.484255154660375275e-01
9.875658503286812717e-01	3.591202777692981130e-01
9.880195801962857738e-01	-3.523550721786149476e-01
9.883386136306283598e-01	1.775630039365876378e-01
9.890072883167138063e-01	1.146731208275360014e-01
9.894609427956055914e-01	-4.938421558939054545e-02
9.897805039509377512e-01	-3.750814851841357545e-01
9.904487958943274384e-01	1.412040674737313761e-01
9.909026301463035313e-01	-3.712075032259065654e-02
9.912212286457645627e-01	1.846985871293622683e-01
9.918904194545761221e-01	9.848827766009695672e-01
9.923437955751437389e-01	-6.035183488467046331e-01
9.926627420225099252e-01	-1.697750131272500740e-01
9.933316196782068230e-01	4.224892116783478535e-01
9.937852625588350364e-01	-6.004565399569932183e-01
9.941036000973670905e-01	-1.967904988804813904e-01
9.947728778931549387e-01	-9.345014641202453731e-02
9.952263989920163700e-01	-9.925834334555649896e-02
9.955461283221694879e-01	-1.292421407578940862e-01
9.962145188507989246e-01	1.018038248681685243e-01
9.966679877574745605e-01	4.402920072695559739e-02
9.969868356196009973e-01	1.314695356854826969e-01
9.976558118605376446e-01	2.037545379946990032e-01
9.981092691689498198e-01	-2.087165116688536326e-01
9.984280184458363960e-01	-3.202447125979702713e-01
9.990971280668033971e-01	5.587046017065631087e-01
9.995507245543776564e-01	-6.976765676302497665e-01
9.998704190897401700e-01	-3.456578479093740386e-01
