2.624918997361064786e-04	-7.139416869926695774e-03	1.222988670858528824e-02
2.416886743931554414e-03	-1.062889756136320418e-02	1.221541122515798841e-02
4.583622140500598005e-03	-1.349841975432097829e-02	1.206295942693846705e-02
4.891718412354165331e-03	-1.505126818384350251e-02	1.132686612002221233e-02
6.738028582959555701e-03	-6.507649638143875315e-03	1.230958173217158898e-02
7.058569791558299590e-03	-1.127837789310259797e-02	1.120856647959909969e-02
8.904758180396843761e-03	-8.810352632492746139e-03	1.212620231487774106e-02
9.212848653118657291e-03	-1.209318049110297277e-02	1.137747041346565124e-02
1.107160955960097802e-02	-1.171530102536366691e-02	1.234352424503560447e-02
1.322589422029309125e-02	2.520126973034386708e-03	1.228077052860525320e-02
1.355889776303227483e-02	-8.007358767796790566e-03	1.149122774702019192e-02
1.539275139862898018e-02	-1.671629957975739877e-02	1.203524636349419946e-02
1.570084767048254490e-02	-8.952057432144999716e-03	1.102111396076156831e-02
1.755948099606626997e-02	-1.123114295988514311e-02	1.202628154686129387e-02
1.786757726791983469e-02	-6.206526938882905853e-03	1.125700444207445444e-02
1.971388163939347127e-02	5.165283233209416736e-03	1.213194259278856796e-02
2.002197791124703946e-02	-4.801287675664678289e-03	1.114494423416311115e-02
2.188061703596251573e-02	-5.678567860540884027e-04	1.214188575243932075e-02
2.218871330781608045e-02	-8.444281900057748480e-03	1.094117934296681520e-02
2.403501767928971702e-02	-1.525201665001763018e-02	1.202875735368196149e-02
2.435557048615196937e-02	9.200436102945186434e-04	1.118304969639897541e-02
2.620188065675736061e-02	-5.480289840665064638e-03	1.215406512470229052e-02
2.650997692861092880e-02	-9.135092798362443034e-03	1.151465806398838283e-02
2.836860445506289574e-02	-1.099249784750067072e-03	1.219475620777103232e-02
2.867670652604821860e-02	-3.620414345229527875e-03	1.194021731056697788e-02
3.052301089752185170e-02	-8.320290200362068234e-03	1.220351137947154468e-02
3.083110716937541990e-02	-3.307482912664028163e-03	1.137784977096236577e-02
3.268974629409089616e-02	-8.532847399840504110e-03	1.220753456555513129e-02
3.299784256594446435e-02	-2.522202147924534898e-03	1.133423364193210554e-02
3.484414693741810093e-02	-5.627899006969472318e-03	1.227443126517329709e-02
3.516469974428035328e-02	-7.033138270187588859e-03	1.108532520862666980e-02
3.701087653485538725e-02	-9.784573130101947847e-03	1.223729416286325859e-02
3.731897860584070664e-02	8.554389691558750286e-03	1.101285794366199840e-02
3.917773371319127618e-02	-2.610767647707290529e-03	1.246434960773947810e-02
3.948583578417659556e-02	9.259479769465617238e-04	1.098194030767968982e-02
4.133201257475163648e-02	-5.509811673925946174e-03	1.222211986299464107e-02
4.165257118074564002e-02	-7.470061402448657795e-03	1.127360632410176478e-02
4.349886975308752540e-02	9.930107121516096313e-03	1.219849986727809289e-02
4.380696602494108666e-02	-2.610767647707290529e-03	1.113302442229263146e-02
4.565327039641472323e-02	-5.799125639882607430e-03	1.216851065885353293e-02
4.597382900240873371e-02	-8.792639532536172808e-03	1.116796524435852665e-02
4.782000579298376769e-02	-8.249437800535885934e-03	1.221223660189599963e-02
4.812810786396909402e-02	-6.885529103883181179e-03	1.146072940090267500e-02
4.998686297131965661e-02	-1.692885677923561261e-02	1.211992294999789804e-02
5.029496504230497600e-02	-6.224240038839479183e-03	1.131163192160147997e-02
5.214114183288001692e-02	-1.327405382153834523e-02	1.214082754468532449e-02
5.246170043887402046e-02	-2.309644948446321067e-03	1.156043054089470924e-02
5.430799321208414771e-02	-4.954801208621351094e-03	1.215016173572292836e-02
5.461609528306947403e-02	-1.061708882805878496e-02	1.118826087043280591e-02
5.647472860865319216e-02	4.834638700687676760e-03	1.221169751492698352e-02
5.678283067963851155e-02	-3.266152346098949444e-03	1.115854120549275574e-02
5.862913505111214812e-02	-1.460253631827801435e-02	1.209222985273766988e-02
5.893723712209747445e-02	6.391044572873205709e-05	1.138934030987603582e-02
6.079586464854944139e-02	-6.306901171969858666e-03	1.222553408046507875e-02
6.110396671953476078e-02	-3.708979845012061460e-03	1.135025650462232610e-02
6.295026529187663922e-02	-2.858751047098651021e-03	1.223146403712426118e-02
6.327082389787064276e-02	-5.710560140100073845e-03	1.130021126433193926e-02
6.511700068844568368e-02	1.687611275077438577e-03	1.212857829077822192e-02
6.542510855856276120e-02	-1.666068983358859334e-03	1.140381579330333565e-02
6.728385786678157954e-02	-2.770185547316006414e-03	1.205932558144361295e-02
6.759195993776689892e-02	-8.143159200796779018e-03	1.144835036679932826e-02
6.943826430924053550e-02	3.169607304773780498e-03	1.217130592461880545e-02
6.974636638022585489e-02	5.017674066905009056e-03	1.153275740981851878e-02
7.160498810754606369e-02	9.150730723428868174e-03	1.225430535166334087e-02
7.191309597766314121e-02	-1.084145476084141801e-02	1.148069558494033138e-02
7.375939455000501965e-02	5.885615964774881803e-03	1.231533199317443560e-02
7.407995315599903707e-02	-1.689686449967586768e-03	1.110645941443052891e-02
7.592612994657406411e-02	-1.651555111358338213e-02	1.221032983132040381e-02
7.623423781669114163e-02	-1.129609099305917130e-02	1.142799484217293764e-02
7.809298712490995997e-02	-9.377171831101649424e-03	1.225519384685301583e-02
7.840108919589527936e-02	-1.990809149228556230e-03	1.163962640988007100e-02
8.024726018733856214e-02	9.849916434683247957e-04	1.223517774735526607e-02
8.056781879333256569e-02	-6.342327371882894305e-03	1.182038027397296770e-02
8.241411736567444413e-02	-7.269312936274641146e-03	1.215904668761968489e-02
8.272222523579152165e-02	1.404201675772931424e-03	1.154468720478101645e-02
8.456839622723480443e-02	5.064909000122463922e-03	1.232344824698574162e-02
8.488896063236056611e-02	3.346738304339069714e-03	1.147932790133375167e-02
8.673525340557068641e-02	-3.230726146185802783e-03	1.232265958271625515e-02
8.704336127568776393e-02	-8.394576520541763287e-04	1.146964430207548721e-02
8.890198300300798662e-02	-7.647192402013947010e-03	1.237631870231745493e-02
8.921009087312506414e-02	-6.365944838491621738e-03	1.150075161680615479e-02
9.105638944546694258e-02	-1.284893942258158450e-02	1.226940976988782732e-02
9.137694805146094612e-02	-6.643450071143863767e-03	1.121482587829490674e-02
9.322324662380282456e-02	-1.896339282793868541e-03	1.222965709746885385e-02
9.353135449391990208e-02	-1.385268175345166775e-02	1.147402687947175239e-02
9.538998202037186902e-02	-1.450216208519106154e-02	1.236175337106198632e-02
9.569808989048894654e-02	6.511478829905881227e-03	1.131446711973482615e-02
9.754437686456732259e-02	1.994638340990562142e-03	1.222508484132423141e-02
9.785249053381614437e-02	-5.675133940186927184e-03	1.157989757033142317e-02
9.971111226113636705e-02	-1.431322235232135309e-02	1.243807410954592303e-02
1.000565781380159947e-01	2.402039639990860564e-03	1.223038586318622896e-02
1.018655187035953230e-01	-8.276489187499791456e-04	1.219619377302174311e-02
1.021860773095893266e-01	-3.301578546011874060e-03	1.195516199931916275e-02
1.040322483010326093e-01	8.489441658384944134e-03	1.242372840631486910e-02
1.044897939973316314e-01	5.962372731253218205e-03	1.167710293731875036e-02
1.061990996802367471e-01	-3.089021346533549206e-03	1.233311188005996838e-02
1.067189222524474457e-01	-8.369872057556460021e-05	1.168693628295729668e-02
1.083533843409288516e-01	-4.464738776490673189e-03	1.232199071555099314e-02
1.089603678634098322e-01	1.406672122070684594e-04	1.145297253840404580e-02
1.105202415192647475e-01	5.100335200035388539e-03	1.224351362919098851e-02
1.111770395835169484e-01	4.476942781204140687e-04	1.121333839758409910e-02
1.126745203808251078e-01	-4.122285510664402963e-03	1.237709738349492342e-02
1.134184909936110930e-01	8.518963491645825670e-03	1.142945237360768786e-02
1.148413717600292316e-01	3.730522136730529681e-03	1.232811035095853457e-02
1.155853481719469888e-01	-2.339166781707091580e-03	1.117368555608531759e-02
1.170082289383651275e-01	9.410522856124536872e-03	1.227253447768972099e-02
1.177520835685160194e-01	5.826572298253340776e-03	1.122127495573906932e-02
1.199064842118432311e-01	-1.130789972636359053e-02	1.146189742266887773e-02
1.213293707773931279e-01	1.914091909891180165e-02	1.216457732059811510e-02
1.220733471893108713e-01	9.865159088342068117e-03	1.125085485739085733e-02
1.234836496389534882e-01	1.165418218395153360e-02	1.227318337867094530e-02
1.242276202517394734e-01	2.886197705469273345e-03	1.151119393105784830e-02
1.256505010181576121e-01	-9.811624517065409279e-04	1.224847522592434519e-02
1.263944774300753693e-01	-3.998293810968722717e-03	1.115386911842794308e-02
1.278172364147266704e-01	-3.124447546446695867e-03	1.225636186861921856e-02
1.285985708334069499e-01	-1.199624017837019885e-03	1.135247275105050538e-02
1.307280700049802957e-01	1.219738391595193150e-02	1.123197683038325290e-02
1.321383666554911407e-01	1.124678088495145722e-02	1.212015256111433070e-02
1.328823488665406560e-01	6.251686697209990484e-03	1.119607763148354820e-02
1.343052238338270366e-01	-4.535591176316855488e-03	1.224385305431962764e-02
1.350367495098678539e-01	1.483073144282265332e-02	1.128336978809617655e-02
1.364595026953873969e-01	4.539420368078861401e-03	1.238851804076446239e-02
1.372034791073051541e-01	-1.153817002579837769e-02	1.112894133765693003e-02
1.393703362856410222e-01	8.701998857863157966e-03	1.132713566350672038e-02
1.407807663161822487e-01	4.598464034600402428e-03	1.229857038167482368e-02
1.415247427280999781e-01	1.108983343164116064e-03	1.123832607690722699e-02
1.429474959136195211e-01	4.029297912011564620e-05	1.223915101797876104e-02
1.436914781246690365e-01	5.076717733426772128e-03	1.130700974999676416e-02
1.458583295038731742e-01	5.289274932905208004e-03	1.142064728644708038e-02
1.472686319535157773e-01	1.583803121636417899e-04	1.223183341152895946e-02
1.480126083654335345e-01	-1.364946284097889873e-03	1.123823622907905648e-02
1.494354833327199150e-01	-5.621994640317318215e-03	1.221878551026035070e-02
1.501794655437694026e-01	1.446466071038776668e-02	1.135929120289936450e-02
1.515897679934120335e-01	2.189235395882604962e-02	1.237675795836628428e-02
1.523337502044615210e-01	8.938173523950432298e-03	1.146484243481443038e-02
1.537566251717479016e-01	1.031389095390733424e-02	1.234756739730323051e-02
1.545006073827974169e-01	6.535096296514497638e-03	1.138135383626097397e-02
1.559233547691852018e-01	8.879129857428447181e-03	1.230022757494994741e-02
1.566673311811029590e-01	2.650023039382221057e-03	1.123711812277294886e-02
1.580777612116441577e-01	1.128220708486460389e-02	1.225167979846238965e-02
1.588217376235619149e-01	3.329025204382496383e-03	1.144313919276549948e-02
1.609884730201309455e-01	7.096011128471246820e-03	1.164296076261435962e-02
1.631428736634581433e-01	7.562456093993086270e-03	1.151143352526630068e-02
1.645657544298763098e-01	1.215261942903334003e-03	1.232139173002986393e-02
1.653097366409257973e-01	-2.545819614533262332e-03	1.165521999961348018e-02
1.674764662383630975e-01	4.326863168600425524e-03	1.143106963451473793e-02
1.696308668816902954e-01	7.107819861775555026e-03	1.145906222453553155e-02
1.717976022782593259e-01	1.963098153104225752e-02	1.150081151535826789e-02
1.739520029215865238e-01	1.146524245108193618e-02	1.145065646105567804e-02
1.753747561071060668e-01	6.322539097036061762e-03	1.230106615467952899e-02
1.761187383181555821e-01	1.161285161738634386e-02	1.131804106667756715e-02
1.775416074863102045e-01	1.765892306921545973e-02	1.231876617682891098e-02
1.782855954964914780e-01	1.715114753712820850e-02	1.122979053323112930e-02
1.796958863478705648e-01	3.199129138034662034e-03	1.221233643281618639e-02
1.804398685589200801e-01	3.886506115984289522e-04	1.114971615214811057e-02
1.818627493253382188e-01	7.072393661862408365e-03	1.230635719344951029e-02
1.826067257372559482e-01	1.327788301330024012e-02	1.105093345662180870e-02
1.847735887147236022e-01	6.269399797166563815e-03	1.118327930751540980e-02
1.861838795661027168e-01	1.310665638038699399e-02	1.219421712080201621e-02
1.869278675762839625e-01	1.450599127695295643e-02	1.143947539799458971e-02
1.883507367444385849e-01	6.487861363297042772e-03	1.224656845534874937e-02
1.890947247546198584e-01	1.217967081599535817e-02	1.147910827330933699e-02
1.905050156059989452e-01	1.150066865099508284e-02	1.231200762353216668e-02
1.912489978170484606e-01	1.112869355190770904e-02	1.169204762607093523e-02
1.926718727843348411e-01	1.310665638038699399e-02	1.223964018948768204e-02
1.934158549953843287e-01	1.230956688234319252e-02	1.132562821661187678e-02
1.955825903919533870e-01	4.568942201339742937e-03	1.145584766890546738e-02
1.969930088242310973e-01	-6.702493737665737861e-03	1.229893975607952022e-02
1.977369968344123430e-01	-3.685362378403334027e-03	1.139716705401879783e-02
1.991597384216683697e-01	1.660794580512781060e-02	1.235942731062159711e-02
1.999037264318496432e-01	8.908651690689550762e-03	1.145149504078525962e-02
2.013141448641273257e-01	1.255164591508250993e-02	1.217854366633245450e-02
2.020705778110537532e-01	1.059139618655979831e-02	1.154982849717071242e-02
2.042248624717458716e-01	1.381518037864815085e-02	1.171985053734336986e-02
2.063917196500817675e-01	1.359081444586540677e-02	1.159215680733054372e-02
2.078021380823594777e-01	1.034341278716843782e-02	1.241672027571765272e-02
2.085585768284176633e-01	2.455178939860358511e-03	1.149527089928781970e-02
2.099688676797967501e-01	1.412220744456149646e-02	1.235071207128916188e-02
2.107128556899780236e-01	1.247488914860417353e-02	1.153811833023262942e-02
2.128672563333052214e-01	4.604368401252667553e-03	1.158668607290422488e-02
2.142900037196930063e-01	1.864742274642727793e-03	1.245999697961927034e-02
2.150339917298742520e-01	1.193168741660399768e-02	1.187475817619952287e-02
2.164568608980289022e-01	1.986125183047726672e-02	1.227868406237331809e-02
2.172008489082101479e-01	1.441742577717031182e-02	1.162465177185182871e-02
2.186111397595892625e-01	9.705741188733352232e-03	1.241300656548664783e-02
2.193551277697705082e-01	5.501832132383643881e-03	1.146294564733085428e-02
2.207779911387933724e-01	1.793052393521543664e-02	1.251200888903736264e-02
2.215219849481064041e-01	9.416427222776579953e-03	1.150348698401931248e-02
2.229447265353624308e-01	9.327861722993935345e-03	1.239377913025838454e-02
2.236887145455436765e-01	1.389193714512670930e-02	1.112594641005128053e-02
2.250991271786896286e-01	6.499670096601350977e-03	1.245019358325678144e-02
2.258431151888708743e-01	1.471264410977912718e-02	1.115459788414531646e-02
2.272658625752586592e-01	4.244202035469823997e-03	1.252204189651628420e-02
2.280099781663385283e-01	1.423439041095297952e-02	1.129716642126619812e-02
2.302638803123095990e-01	1.399821574486570519e-02	1.120855649650708170e-02
2.324805520324167152e-01	1.696220780425838903e-02	1.142862377697012426e-02
2.337538557934908112e-01	1.520270654190980508e-02	1.240640774166220164e-02
2.346348308939770755e-01	6.836218995775578122e-03	1.108034364570927716e-02
2.359082564368180090e-01	1.204977474964752382e-02	1.238373613968744499e-02
2.368016880723129713e-01	1.037883898708136243e-02	1.107322570109985083e-02
2.380749860342553093e-01	4.173349635643752720e-03	1.245354790217510603e-02
2.389559611347415735e-01	1.167189528390810693e-02	1.119197458066380733e-02
2.402293924767142652e-01	1.921767586538991601e-02	1.235505471631735165e-02
2.411228183130774694e-01	1.154199921756027258e-02	1.113922392243632369e-02
2.423961220741515377e-01	1.547430740791000403e-02	1.231614062362796150e-02
2.432895537096465000e-01	1.953651166460734778e-02	1.144044375792041719e-02
2.445629850516191917e-01	7.208194094862507839e-03	1.235429600132392086e-02
2.454439601521054559e-01	1.660204143847554548e-02	1.116784544725430220e-02
2.467172581140477938e-01	9.009025923776503575e-03	1.234574049146378374e-02
2.476106897495427561e-01	1.142391188451674644e-02	1.120157831518592099e-02
2.497650903928699540e-01	1.893426626608540886e-02	1.121874923345830485e-02
2.519318257894390123e-01	1.651938030534516599e-02	1.137234908725999125e-02
2.540986829677748804e-01	1.079214465273392598e-02	1.135122486454815185e-02
2.562530894102338364e-01	6.352060930296943297e-03	1.141851090475505190e-02
2.584198190076711366e-01	1.657842397186692907e-02	1.154711309614159069e-02
2.605866703868752743e-01	1.354357951264817395e-02	1.155702630651628780e-02
2.627409550475673927e-01	9.504992722559224561e-03	1.135845262316978292e-02
2.649078122259032608e-01	4.439046134991686543e-03	1.124546398770068928e-02
2.670620910874636489e-01	1.296495158073485143e-02	1.138179309230980159e-02
2.692289482657995170e-01	7.981666126297692898e-03	1.132182465855270485e-02
2.713956778632368172e-01	2.362233338791375203e-02	1.139629852501315883e-02
2.735500785065639873e-01	7.279046494688801161e-03	1.130440416297984890e-02
2.757169414840316413e-01	2.240012949091330086e-02	1.136189678991627976e-02
2.778836710814689415e-01	1.475987904299658204e-02	1.137455535059615080e-02
2.800380717247961115e-01	1.328378737995228320e-02	1.131217100857049608e-02
2.822048071213651976e-01	1.140619878456017311e-02	1.133730843427390410e-02
2.843592077646923677e-01	1.464179170995305590e-02	1.134774076543357962e-02
2.865508504321470640e-01	1.989667803039019134e-02	1.132063667060246095e-02
2.886803496037204098e-01	1.419305984438756774e-02	1.137392641579896592e-02
2.908470734020259241e-01	2.417734385321845814e-02	1.138512744504409195e-02
2.930139363794935781e-01	1.003638572125509221e-02	1.138487786774362159e-02
2.951682152410539106e-01	2.211081552495652858e-02	1.148825278559858359e-02
2.973350724193898342e-01	1.295314284743032118e-02	1.152216534918654167e-02
2.995019295977257023e-01	1.207929658290840536e-02	1.146820673682477643e-02
3.016562026601543045e-01	4.710647000991885491e-03	1.166421476552244145e-02
3.038230598384901726e-01	1.731056543673692438e-02	1.181108601530343923e-02
3.060147025059448689e-01	5.165283233209416736e-03	1.132493938326257707e-02
3.081442016775182147e-01	1.784786280208483511e-02	1.154331952117443848e-02
3.103358327467093392e-01	2.376403818756589459e-02	1.159873566497095047e-02
3.124653319182826849e-01	7.462081860906133457e-03	1.155749551184117284e-02
3.146320673148517155e-01	1.793052393521543664e-02	1.156951515463184275e-02
3.167864679581789411e-01	1.501967117569225074e-02	1.168006791564834244e-02
3.189533309356465951e-01	8.152892759210939033e-03	1.161713450356165016e-02
3.211200605330838398e-01	1.777701040225876383e-02	1.145314225096836537e-02
3.232744611764110654e-01	2.294923558956551979e-02	1.164928005986227630e-02
3.276080537513160196e-01	1.860952610021571196e-02	1.165220510582379472e-02
3.297623326128763521e-01	1.927671953191167908e-02	1.150681135366158486e-02
3.319291897912122202e-01	1.603522223986675321e-02	1.115154305798755560e-02
3.340834628536408224e-01	1.864495230012885862e-02	1.138465823971920518e-02
3.384170554285457766e-01	7.881291893210740085e-03	1.139830512650894315e-02
3.405714618710047326e-01	6.741749129340668389e-03	1.123535111548561519e-02
3.427383132502088703e-01	1.247488914860417353e-02	1.122587716115974917e-02
3.448925921117692028e-01	1.869809159999835657e-02	1.145895241052332335e-02
3.470594492901051265e-01	1.304170834721318784e-02	1.139683761198217495e-02
3.513805911291331130e-01	1.063272675312521010e-02	1.135959069565992824e-02
3.535473149274386273e-01	1.799547196838946483e-02	1.152085756413207505e-02
3.557141779049062813e-01	1.251031534851732019e-02	1.140303711212586717e-02
3.578684567664666694e-01	1.540345500808371071e-02	1.183105219934109387e-02
3.600353139448025375e-01	5.348318599426971076e-03	1.167519616674315454e-02
3.621895928063629255e-01	7.267237761384270911e-03	1.161386004937947636e-02
3.643564441855670077e-01	1.793052393521543664e-02	1.146394395653273744e-02
3.665233013639029314e-01	9.245200589863555862e-03	1.156996439377269009e-02
3.686775860245950498e-01	1.709800823725848851e-02	1.146749793729144075e-02
3.708444432029309179e-01	1.351405767938729241e-02	1.132149521651608197e-02
3.729987220644913060e-01	1.589351744021438861e-02	1.166390528966985973e-02
3.751655734436953882e-01	1.196711361651692229e-02	1.136726769342240838e-02
3.773323088402644743e-01	8.164701492515247239e-03	1.133996393675091446e-02
3.794867094835916443e-01	2.066424569517311127e-02	1.146976409917971340e-02
3.816534448801607304e-01	1.212653151612563818e-02	1.143289654035418296e-02
3.838078513226196864e-01	1.859771736691140376e-02	1.146676917157406564e-02
3.859745751209252007e-01	5.507736499035686961e-03	1.169038044970379005e-02
3.881414380983928547e-01	1.746998333634564027e-02	1.145520875101626278e-02
3.902958387417200248e-01	9.457757789341991739e-03	1.153108025035935388e-02
3.924625741382891109e-01	1.858590863360709555e-02	1.172387372342695820e-02
3.946169747816162809e-01	2.248279062404368034e-02	1.156478316901491700e-02
3.967837043790535811e-01	1.585809124030146400e-02	1.162077833214852224e-02
3.989505615573894493e-01	1.301218651395230630e-02	1.146162787918436968e-02
4.011048462180815677e-01	1.872761343325923811e-02	1.144878962284815588e-02
4.032717033964174913e-01	9.268818056472172273e-03	1.153594201617252381e-02
4.054259764588460935e-01	1.306532581382180425e-02	1.160013329785358586e-02
4.076052901721906596e-01	1.362624064577855343e-02	1.151914047230483476e-02
4.097596908155178297e-01	2.504528575108833088e-02	1.162782639511381576e-02
4.119139754762099481e-01	1.519680217525776200e-02	1.147349777559475426e-02
4.140932775912909980e-01	1.099289311890783161e-02	1.155369195378200091e-02
4.162475564528513861e-01	1.591713490682322707e-02	1.134988713021762782e-02
4.184019628953103420e-01	1.038474335373362756e-02	1.152311374292832973e-02
4.205686982918793726e-01	1.506690610890970561e-02	1.153139970930395705e-02
4.227230989352065982e-01	1.921177149873765089e-02	1.161466867983300053e-02
4.248898285326438984e-01	2.323854955552229207e-02	1.174030589288994897e-02
4.270566857109797665e-01	7.521125527427896529e-03	1.175502097052570118e-02
4.292109645725400990e-01	7.456177494254090377e-03	1.154076384961761834e-02
4.313778275500077530e-01	6.169025564079611001e-03	1.154211156704016035e-02
4.335446847283436766e-01	6.806697162514474542e-03	1.150367666276767148e-02
4.356989577907722788e-01	1.112869355190770904e-02	1.183432665352327114e-02
4.378658149691081469e-01	1.057958745325549010e-02	1.173852890251059732e-02
4.400200938306684795e-01	1.327197864664797500e-02	1.184003698215804062e-02
4.421869510090044031e-01	6.806697162514474542e-03	1.175555007440269931e-02
4.443412356696965215e-01	5.082622100078815208e-03	1.169558164064560084e-02
4.465080870489006593e-01	6.470148263340469441e-03	1.166433456262666937e-02
4.486748166463379039e-01	1.652528467199743112e-02	1.185392346315622923e-02
4.508292230887968599e-01	2.010923522986862721e-02	1.200230215983206887e-02
4.529959584853659460e-01	1.536802880817078609e-02	1.182476285136923461e-02
4.551628098645700837e-01	1.383289347860472418e-02	1.203304010015803817e-02
4.573172163070290397e-01	2.231746835778269933e-02	1.168123593741454518e-02
4.594839459044662844e-01	1.609426590638851629e-02	1.166417483315436779e-02
4.616383523469252403e-01	1.140029441790813003e-02	1.189950626131419838e-02
4.638050877434943264e-01	6.369774030253516628e-03	1.172283548185700137e-02
4.659719391226984642e-01	8.566198424863280536e-03	1.162873485648753015e-02
4.681262179842587967e-01	7.420751294340943716e-03	1.161431927161234168e-02
4.702930751625946648e-01	1.865676103343316683e-02	1.148451910918354101e-02
4.724473540241550529e-01	1.700353837082380082e-02	1.174463855482612076e-02
4.746142112024909210e-01	8.808277457602597948e-03	1.153603186400069258e-02
4.767810683808268446e-01	7.532934260732204734e-03	1.149508122053946070e-02
4.789353472423871771e-01	1.055596998664665165e-02	1.171313191641470096e-02
4.811022044207230453e-01	2.126649109369527224e-02	1.187596613033380100e-02
4.832564832822834333e-01	1.091613635242949520e-02	1.183387741438242380e-02
4.854233346614875710e-01	2.237060765765219728e-02	1.178754588432304358e-02
4.875900700580566016e-01	5.720293698513900793e-03	1.168902274918923005e-02
4.897444765005155576e-01	3.783661436600027628e-03	1.185648911780506735e-02
4.919112060979528578e-01	1.266973324812603607e-02	1.164775264678339500e-02
4.940780632762887259e-01	1.151247738429939105e-02	1.156811752174920563e-02
4.962323421378491139e-01	1.628567608555453461e-03	1.172873548924012813e-02
4.983991993161849821e-01	4.368193735165615266e-03	1.167636418850935554e-02
5.005536057586439380e-01	6.694514196123213523e-03	1.157521550017459079e-02
5.027203353560811827e-01	2.419752739947433895e-03	1.178938277325450833e-02
5.048871867352853204e-01	1.112278918525588800e-02	1.183362783708195344e-02
5.070414713959774389e-01	5.472310299122540300e-03	1.173619285897819359e-02
5.092083285743134180e-01	5.271561832948634674e-03	1.177063452644314806e-02
5.113626074358736950e-01	1.941499041121064195e-03	1.158758455118591955e-02
5.135294646142095631e-01	6.783079695905858131e-03	1.200165325885084629e-02
5.157086449475238865e-01	1.503738427564882407e-02	1.195815692692481051e-02
5.179128659317540073e-01	9.658506255515897365e-03	1.179686010917660802e-02
5.201543115427164077e-01	1.507871484221401381e-02	1.199412600746864802e-02
5.223211745201840062e-01	1.800728070169377304e-02	1.191678699359878871e-02
5.244880316985199853e-01	8.690190124558849760e-03	1.187008608913471194e-02
5.266423105600802623e-01	8.973599723863356914e-03	1.178012844695305351e-02
5.288091619392844001e-01	1.705077330404103364e-02	1.163627209096174293e-02
5.309634408008447881e-01	7.031063095297218624e-03	1.156343545159237499e-02
5.331302979791806562e-01	-3.939250144447070667e-03	1.170422699833390499e-02
5.352970333757497423e-01	8.459919825124062598e-03	1.180441730983486197e-02
5.374514340190769124e-01	8.609999437725335270e-04	1.167618449285301799e-02
5.396181694156459985e-01	7.450273127601825252e-03	1.164768276513926393e-02
5.417850265939818666e-01	-3.543657578751191473e-03	1.142571869719264527e-02
5.439393054555422546e-01	7.757300193514948816e-03	1.165152625556651472e-02
5.461061626338781227e-01	2.661831772686529263e-03	1.168377164278732588e-02
5.482605632772052928e-01	2.461083306512401592e-03	1.185738759608676376e-02
5.484688100985097847e-01	-5.560480527496691749e-04	1.086860226398993559e-02
5.504272928746426485e-01	7.509316794123588323e-03	1.180412780016631621e-02
5.505983092700830195e-01	-7.133512503274541672e-03	1.079280064629097556e-02
5.525941558521102470e-01	6.759462229297019675e-03	1.174808272157261586e-02
5.547733419845561897e-01	1.918224966547676935e-02	1.195241664901398534e-02
5.549194453099792756e-01	2.768110372425747201e-03	1.105821113070353315e-02
5.570771804540654015e-01	4.291436968687278863e-03	1.222449583889512019e-02
5.570862966891834134e-01	-4.458834409838519086e-03	1.100798619475681049e-02
5.592405813498755318e-01	-2.811516113881196155e-03	1.099880175009948849e-02
5.592937245932738666e-01	1.009542938777707732e-02	1.190094382656490916e-02
5.614074385282115109e-01	-1.049900149501536983e-02	1.070642693414407785e-02
5.615228470492579227e-01	-2.640289480968061042e-03	1.185483192452994362e-02
5.635617173897717880e-01	-7.977836934535798008e-03	1.059427687840456579e-02
5.637393911884664988e-01	3.210937871338970240e-03	1.197090533543285380e-02
5.657285745681076561e-01	2.714971072556249254e-03	1.067655752282374408e-02
5.659934151162043792e-01	1.366757121234396521e-02	1.180725250796820988e-02
5.681601505127734653e-01	7.580169193949659601e-03	1.199672161139354529e-02
5.700497164071357536e-01	2.909815172078111800e-03	1.064649843275505478e-02
5.703145569552323657e-01	7.816343860036711888e-03	1.183487572358430523e-02
5.722164460045729983e-01	-9.625155230493120939e-03	1.083893251450997880e-02
5.724812923518014518e-01	8.011187959558574434e-03	1.185445256703322736e-02
5.744082046546626907e-01	1.098108438560330136e-02	1.074460227802407318e-02
5.746356929951286219e-01	2.655927406034264138e-03	1.205539224318819512e-02
5.766124256388929226e-01	4.004593449029592023e-04	1.075847877593024554e-02
5.768025443743327596e-01	5.909233431383720259e-03	1.214892383231259282e-02
5.788414205139783553e-01	7.133907774681258473e-04	1.066206207321240482e-02
5.789817363059105437e-01	1.168027009685879136e-03	1.214411198195951974e-02
5.810456414982085871e-01	-2.350975515011399786e-03	1.068372538289326205e-02
5.811236862133607461e-01	-1.506651083750143449e-03	1.267028082990386169e-02
5.832904158107981019e-01	7.444368760949560127e-03	1.405577427264487027e-02
5.854448164541252719e-01	3.961135828200812448e-02	1.356610360912136222e-02
5.874961491287795656e-01	-2.315549315098364147e-03	1.079828136380931412e-02
5.876115518506943580e-01	3.299503371121614848e-03	1.320103191708484405e-02
5.897784090290302261e-01	1.082166648599458547e-02	1.564175815239999753e-02
5.919326878905905032e-01	2.425657106599476975e-03	1.502940527105711688e-02
5.940995450689264823e-01	2.890674154161176901e-02	1.315650732668087290e-02
5.941211294373167640e-01	5.401457899296469023e-03	1.073945100254235924e-02
5.962663964481306200e-01	1.528536767504018457e-02	1.308892179371340912e-02
5.962878648338857390e-01	3.765948336643454297e-03	1.073236300720899206e-02
5.984206811088227385e-01	-5.934926072882595882e-03	1.296649913628652138e-02
6.005875382871586066e-01	1.346091837951757242e-02	1.255291960013051912e-02
6.027418171487188836e-01	-6.761537404187389910e-03	1.258054281574661794e-02
6.027758522529861329e-01	2.242621740382144679e-03	1.062537421004321365e-02
6.049086685279230213e-01	2.882763785114761390e-04	1.197717471722067883e-02
6.049302586954451444e-01	5.598772445116750873e-04	1.081700964443663496e-02
6.070754039244921074e-01	-1.807773783011223934e-03	1.223141412166416954e-02
6.070969940920141195e-01	-6.005778472708778182e-03	1.082825060604983465e-02
6.092298045678192775e-01	-4.730435275838718034e-03	1.304853020340523105e-02
6.113965399643883636e-01	4.539420368078861401e-03	1.230082656047108008e-02
6.114181301319103756e-01	-5.498002940621637968e-03	1.074021970062780974e-02
6.135509464068472640e-01	6.417008963470971494e-03	1.201297408520019677e-02
6.135849873102462437e-01	-7.287026036231103454e-03	1.058126890950403243e-02
6.157176702051528894e-01	-6.820581070709264004e-03	1.217062707436152545e-02
6.157392603726749014e-01	-6.566693304665638387e-03	1.049939757185762434e-02
6.178845331826204879e-01	-4.683200342621263168e-03	1.198756711601227896e-02
6.200389338259476579e-01	-1.784156316402496500e-03	1.212254850319884926e-02
6.222056692225167440e-01	-3.809354078099014274e-03	1.210322123705039922e-02
6.222272593900387561e-01	-6.182909472274178420e-03	1.079843111018959426e-02
6.243600698658439141e-01	-1.464977125149546922e-02	1.207805386207093379e-02
6.265267994632812698e-01	1.917881574512225740e-03	1.222071224701998422e-02
6.265483954299350122e-01	-6.123865805752304325e-03	1.075761024692460655e-02
6.286936566416171379e-01	3.925366236252170182e-03	1.226761281332443797e-02
6.287152526082708803e-01	-1.136103902623297746e-02	1.091817829895543566e-02
6.308479413023092564e-01	-7.636811586669833840e-02	1.450341611876911248e-02
6.330147926815133941e-01	1.669651130491067725e-02	1.598625469178571040e-02
6.330363886481671365e-01	3.234555337947808695e-03	1.097501204181862075e-02
6.351815280780823691e-01	-8.432473166753440275e-03	1.261626231898998335e-02
6.373359287214096502e-01	-4.954801208621351094e-03	1.310383653318953658e-02
6.395026641179786253e-01	3.506156203947785599e-03	1.296613974497384456e-02
6.395242600846324788e-01	-3.785736611490286840e-03	1.082321912767234516e-02
6.416570705604376368e-01	8.383163058645726196e-03	1.204367209315809067e-02
6.438737364814129949e-01	-6.165196372317605089e-03	1.200321062120578153e-02
6.460122475037328726e-01	-4.588730476186464458e-03	1.072452627997421207e-02
6.460902806206214599e-01	-8.780830799231864603e-03	1.209713155091891520e-02
6.482944958057199614e-01	1.535031570821421276e-02	1.201708711911195215e-02
6.503333893427608592e-01	-2.268314381881020303e-03	1.108275955397783168e-02
6.504487746672803494e-01	-1.024511372897163319e-02	1.199297795188648472e-02
6.526156318456162175e-01	-7.954219467927070575e-03	1.178818480221224645e-02
6.548695339915872049e-01	-8.745404599318717942e-03	1.179636095457566904e-02
6.568213825609929835e-01	-3.466900812272744048e-03	1.088059195750454809e-02
6.570862057116944044e-01	-2.841037947142077691e-03	1.178460087217748746e-02
6.589756614225533715e-01	4.291436968687278863e-03	1.103450128715881794e-02
6.592404845732547924e-01	9.723454288689925562e-03	1.186840892967555051e-02
6.614073417515906606e-01	-1.754634483141614965e-03	1.179932593290526112e-02
6.635740713490279052e-01	-5.285445741143202092e-03	1.175178644871160104e-02
6.654636546407854958e-01	-1.600187121484397679e-02	1.096987074942892652e-02
6.657284777914869167e-01	7.645117227123687798e-03	1.198248572217469436e-02
6.676305118191213639e-01	-4.556738196628273840e-04	1.092863059629914715e-02
6.678953291706910544e-01	-3.738501678273054019e-03	1.173005325738661273e-02
6.697847906806817520e-01	-4.069146210794905016e-03	1.092967882096112543e-02
6.700496080322513315e-01	4.374098101817880391e-03	1.193545537567399645e-02
6.719516478590176201e-01	-9.294510697971269941e-03	1.111712135670663709e-02
6.722164710097190410e-01	-7.036572190540768545e-04	1.176811878725440505e-02
6.741183832555865951e-01	-1.267771278966844939e-02	1.088945694321726693e-02
6.743832006071562857e-01	3.388068870904259455e-03	1.173601316332185257e-02
6.762727838989138762e-01	-5.864073673056635627e-03	1.083933183819073276e-02
6.765376070496152972e-01	-4.748148375795291365e-03	1.171082582215834944e-02
6.784395134963511209e-01	-8.881205032318817416e-03	1.089490771145954807e-02
6.787043366470525418e-01	4.303245701991587069e-03	1.174173347504864177e-02
6.808711938253884099e-01	-7.139416869926695774e-03	1.163950661277584307e-02
6.827606553353791075e-01	-7.670809868622674443e-03	1.098816975709943772e-02
6.830254726869487980e-01	-8.369872057556460021e-05	1.170532513845597665e-02
6.849275125137149756e-01	-9.040622931927533301e-03	1.092253092707564516e-02
6.851923298652846661e-01	1.888359741251344204e-03	1.177998868366478963e-02
6.870817913752753636e-01	-1.434864855223449975e-02	1.117294680727592276e-02
6.873466029277133238e-01	1.483663580947491845e-02	1.202993535854018393e-02
6.892486485536112317e-01	-4.045528744186177583e-03	1.226316035428404172e-02
6.895134601060491919e-01	-7.310643502839830887e-03	1.176598240556237483e-02
6.916803230835167904e-01	-2.587150181098563095e-03	1.173323786374061949e-02
6.935697845935074879e-01	-1.247105995684216762e-02	1.163812894607724538e-02
6.938346019450771784e-01	3.470730004034638938e-03	1.172355426448235677e-02
6.957366417718433560e-01	-6.200622572230640728e-03	1.126779616454680506e-02
6.960014533242813162e-01	4.890248446853817654e-04	1.172749758582979258e-02
6.978909206334037441e-01	-8.267150900492459265e-03	1.175630878939613010e-02
6.981557321858417042e-01	-4.269894676968921665e-03	1.180177179044987132e-02
7.000577778117396122e-01	-7.080373203404932703e-03	1.166119987173275772e-02
7.003225893641775723e-01	4.864160533948558296e-03	1.185450248249332074e-02
7.022245132083086983e-01	-5.710560140100073845e-03	1.118895968687412361e-02
7.024893247607465474e-01	-8.807882186194770924e-04	1.182523205669411791e-02
7.043789138516358683e-01	-1.888320214110605910e-02	1.112710444872546528e-02
7.046437312032055589e-01	-6.387091858802707023e-04	1.158311212596148734e-02
7.065456434490732240e-01	-1.082964602753722083e-02	1.129743596475070617e-02
7.068104550015110732e-01	-9.146901531666862262e-03	1.161179354933157722e-02
7.087000498915321245e-01	-7.369687169361704981e-03	1.118817102260463540e-02
7.089648614439700847e-01	-1.741891921136629051e-02	1.163167986863308280e-02
7.108667794889693692e-01	-1.018016569579760500e-02	1.117947574945623787e-02
7.111317186223059528e-01	5.421641445551017569e-04	1.169204762607093523e-02
7.130336424664370787e-01	-5.043366708404106724e-03	1.120982434919347293e-02
7.132984540188749278e-01	-4.216755377099312696e-03	1.168815422018359279e-02
7.151880431097642488e-01	-1.384677738679940262e-02	1.175675802853697743e-02
7.156022924883841396e-01	-1.203413682458120970e-02	1.162520084191286454e-02
7.177565713499445277e-01	4.380002468469923471e-03	1.166932610863608347e-02
7.195216298855374726e-01	-6.424988505013273787e-03	1.158401060424318028e-02
7.199234285282803958e-01	-1.093345418097801947e-03	1.162632893131099014e-02
7.216759087470977496e-01	-6.271474972056712005e-03	1.164927007677025832e-02
7.220901581257176405e-01	-5.905404239621936391e-03	1.165212524108764393e-02
7.238427659254337287e-01	-1.019197442910202422e-02	1.179215807283574141e-02
7.242445645681766520e-01	-4.252181577012459357e-03	1.149150727359672143e-02
7.259970505861258472e-01	-7.475965769100811897e-03	1.208098889112447019e-02
7.264112941656138966e-01	-7.387400269318278312e-03	1.157706237219807525e-02
7.281639077644617153e-01	7.547213440335376333e-04	1.255778136594368904e-02
7.285781513439497648e-01	-1.498041578401732021e-02	1.157267979480181008e-02
7.303306373618989600e-01	-1.622033278097456677e-02	1.147714160418162807e-02
7.307324302055101528e-01	-7.735757901796480596e-03	1.180160207788555175e-02
7.324850438043579715e-01	-1.002074779618888911e-02	1.212261838484298207e-02
7.328992873838460209e-01	2.189482440512424688e-03	1.179878684593624327e-02
7.346518951835621092e-01	-4.128189877316557066e-03	1.269595734257628582e-02
7.350535662454064090e-01	-6.513554004796029417e-03	1.173537424543264797e-02
7.368061740451223862e-01	-8.007358767796790566e-03	1.303219786486242704e-02
7.372204234237422771e-01	-2.431166201843915076e-04	1.167907958953847726e-02
7.389730370225900957e-01	-1.583064458193084167e-02	1.350076427185813339e-02
7.393872806020781452e-01	-2.787898647272579744e-03	1.167922933591876086e-02
7.411646738909130061e-01	5.430979732557350559e-03	1.316679989455228454e-02
7.415415594636385332e-01	-3.579083778664227111e-03	1.159910503937564702e-02
7.432941730624863519e-01	-1.685210001275738723e-02	1.251754950510781429e-02
7.437084166419744014e-01	-3.850684644664315037e-03	1.177524671495584589e-02
7.454609084590553270e-01	-1.234706825714648737e-02	1.272870188439804116e-02
7.458626897044030590e-01	-1.506651083750143449e-03	1.177708360388731064e-02
7.476153091023826081e-01	-1.675763014632247749e-02	1.338908342144350463e-02
7.480295468827389271e-01	-1.323615717532811153e-03	1.163578291945282020e-02
7.497820386998198527e-01	-1.136103902623297746e-02	1.285880153958740557e-02
7.501962822793080132e-01	-3.289769812707676877e-03	1.169685947642401004e-02
7.519488958781557209e-01	-1.850532267536686426e-02	1.188273466672256674e-02
7.523506887217669137e-01	-2.469062848055036952e-03	1.165487059139282133e-02
7.541031747397161089e-01	-1.735987554484463846e-02	1.212402600081763718e-02
7.545174125200724280e-01	7.042871828601526829e-03	1.175646851886843168e-02
7.562700377171837074e-01	-1.232935515719002506e-02	1.213795241418390118e-02
7.566718189625314395e-01	-2.268314381881020303e-03	1.189201894230007724e-02
7.584368948955196865e-01	-7.806610301622662895e-03	1.189929661638180168e-02
7.588386761408673076e-01	-3.360622212533637132e-03	1.195678924331823254e-02
7.605911737570799636e-01	-9.737338196884492980e-03	1.142326285655601362e-02
7.610054115374363937e-01	-5.379915607578111825e-03	1.175093788589000147e-02
7.627580251362841013e-01	-2.667340867931189408e-04	1.120607070659439437e-02
7.631598179798952941e-01	-4.080954944099324244e-03	1.171134494294333132e-02
7.649123039978444893e-01	-1.729492751167061027e-02	1.107802756836090766e-02
7.653265417782008084e-01	-6.773346137491698116e-03	1.172614986840725057e-02
7.671040684470660231e-01	-1.681076944619208646e-02	1.169795761654608170e-02
7.674933989565366765e-01	-5.745986340013109483e-03	1.176252825572386002e-02
7.692458965727494435e-01	-1.292569618905992090e-02	1.206600427000420993e-02
7.696476836172287950e-01	2.803536572338671817e-03	1.163367648703684913e-02
7.714003030152083440e-01	-1.874149734145391655e-02	1.293489266695491136e-02
7.718145407955647741e-01	5.598772445116750873e-04	1.169366488697798530e-02
7.735670326126456997e-01	-1.059347136145005752e-02	1.167847062092532834e-02
7.739688138579933208e-01	-1.807773783011223934e-03	1.179959547638976917e-02
7.757214390551046002e-01	-6.413179771708965582e-03	1.178454097362537610e-02
7.761356710363291889e-01	-6.564222858368440328e-04	1.193036399874439560e-02
7.778881686525419559e-01	-1.252419925671188761e-02	1.225299756660887598e-02
7.783024064328982750e-01	-9.483450430840978385e-03	1.196064271683750131e-02
7.800550258308778240e-01	-1.780860741041001560e-02	1.218290627754468371e-02
7.804568128753571754e-01	2.762206005773704121e-03	1.198171702408924559e-02
7.822094322733367244e-01	-1.355155905419058726e-02	1.143398469738423490e-02
7.826236642545613131e-01	-6.212431305535059956e-03	1.195938484724312807e-02
7.843761618707740801e-01	-4.907566275404007250e-03	1.137085162345716736e-02
7.847779431161217012e-01	-5.055175441708414930e-03	1.190573571073394628e-02
7.865554755841186463e-01	-3.153969379707466381e-03	1.247526112731605838e-02
7.869448002944575693e-01	-5.450768007404183102e-03	1.183415694095894984e-02
7.886973037098020667e-01	-7.428730835883357031e-03	1.313727989145260962e-02
7.891115356910266554e-01	-1.725112649880733429e-03	1.184344121653646033e-02
7.908641550890062044e-01	-6.371849205143775841e-03	1.287837838303632770e-02
7.912659305352220951e-01	-1.323862762162530959e-02	1.181169498391658815e-02
7.930184339505664814e-01	-1.146731762597230642e-02	1.262586605351209701e-02
7.934326659317911812e-01	-3.691266745055599152e-03	1.189015210409255507e-02
7.951852911289024606e-01	-6.997712070274553220e-03	1.213355985369561803e-02
7.955870723742500816e-01	-6.312805538622012769e-03	1.177051472933892187e-02
7.973395699904627376e-01	-8.231724700579423626e-03	1.185559063952337441e-02
7.977538019716873263e-01	-4.795383309012524187e-03	1.195533171188348232e-02
7.995064271687987167e-01	-9.406693664362530960e-03	1.168109617412628129e-02
7.999206591500233055e-01	4.273723868730705533e-03	1.180846046210248801e-02
8.016732901462663152e-01	-7.251599836318067815e-03	1.227539962509912458e-02
8.020749380115835825e-01	-1.485051971766948586e-02	1.189091081908598760e-02
8.038275632086948619e-01	2.585075006208192860e-03	1.152062795301564239e-02
8.042417951899195616e-01	-8.335532854021332483e-04	1.192389495511619532e-02
8.059944203870308410e-01	-1.087097659410241057e-02	1.162211606647904627e-02
8.064086523682554297e-01	-7.936506367970608267e-03	1.183609366081060307e-02
8.081611557835998161e-01	-1.316187085514686217e-02	1.152657787585886252e-02
8.085629312298157068e-01	-1.124295169318956233e-02	1.181405099363303131e-02
8.103155564269270972e-01	-6.283283705361131233e-03	1.185560062261539239e-02
8.107297826090198445e-01	-4.641869776055962404e-03	1.179488345695688112e-02
8.124822918234960722e-01	-1.100087266045024492e-02	1.169446353433949148e-02
8.128840672697119629e-01	-1.091821152731986544e-02	1.181287298877480886e-02
8.146366982659550837e-01	-1.773185064393167920e-02	1.144021414680398280e-02
8.150509244480479421e-01	5.047195900165890592e-03	1.183647301830731760e-02
8.168034220642605980e-01	-1.011521766262379884e-02	1.168664677328874919e-02
8.172176540454851867e-01	-1.073161871842920334e-04	1.185761720720319642e-02
8.189702792425964661e-01	-1.046947966175448830e-02	1.171004714098088095e-02
8.193720546888123568e-01	-5.619524194019343000e-04	1.189293738676580961e-02
8.211245639032885846e-01	-1.088278532740671878e-02	1.146807695662853052e-02
8.215387900853814429e-01	8.669043104247986520e-04	1.190319002226914412e-02
8.232914210816244527e-01	-1.722997947849658207e-02	1.158998049327043811e-02
8.237305545346029767e-01	-5.025653608447533394e-03	1.183325846267725516e-02
8.254458275240834642e-01	-4.163616077229703727e-03	1.149261539681081107e-02
8.258600537061763225e-01	-7.272746856628042877e-04	1.184501854507543327e-02
8.276125571215207088e-01	-1.420694375258224618e-02	1.134739135721292078e-02
8.280267775044818368e-01	-5.202784608012822609e-03	1.185064900897405370e-02
8.297794085007248466e-01	-1.054033206158044855e-02	1.154468720478101645e-02
8.301811839469407373e-01	-4.571017376229891127e-03	1.188566969577610141e-02
8.319336931614169650e-01	-1.564760921571328733e-02	1.200035545688839592e-02
8.323479193435098233e-01	-9.489354797493132487e-03	1.186719099244925094e-02
8.341005503397528331e-01	-1.946183007301949264e-02	1.164155314663970278e-02
8.345023199868369934e-01	-3.514135745490198914e-03	1.180564523015317779e-02
8.362548292013132212e-01	-8.367525133579523100e-03	1.210923105844573418e-02
8.366690495842743491e-01	-9.152805898319016364e-03	1.187454853126712617e-02
8.384216863796490893e-01	-6.903242203839643487e-03	1.156952513772386074e-02
8.388359067626102172e-01	-5.740081973360955381e-03	1.181181478102081260e-02
8.405884217762181754e-01	-1.959172613936732699e-02	1.171218352267291117e-02
8.409901856241704943e-01	-7.003616436926707323e-03	1.181476977625838670e-02
8.427428224195453454e-01	-1.904262004071488601e-02	1.216623451387324230e-02
8.431570486016382038e-01	-6.564222858368440328e-04	1.188456157256201177e-02
8.449095520169825901e-01	-8.402951333492447716e-03	1.152330342167668872e-02
8.453735869417149384e-01	-5.167358408099675948e-03	1.196402698503188158e-02
8.470764091953185693e-01	-6.023491572665351512e-03	1.209042291308226255e-02
8.477646037588896233e-01	-1.484461535101733176e-02	1.191554909018845317e-02
8.492308156377774697e-01	-4.511973709708128055e-03	1.206379800666804863e-02
8.499313391554587094e-01	-1.289026998914688527e-02	1.186067203336095555e-02
8.513975510343465558e-01	-8.721787132709990509e-03	1.281501569799282751e-02
8.520981905346628471e-01	-1.842856590888852786e-02	1.184693529874305054e-02
8.535519516776737259e-01	-1.619671531436583933e-02	1.266608793125595205e-02
8.542525911779900172e-01	-8.119541734188051585e-03	1.190583554165413477e-02
8.557186870742428120e-01	-1.415380445271263721e-02	1.213337017494725903e-02
8.564193265745591033e-01	-7.369687169361704981e-03	1.192968514848711560e-02
8.578855384534469497e-01	-1.330948002145126985e-02	1.204119628633742133e-02
8.585737330170180037e-01	9.023305103379453129e-04	1.192111965553496050e-02
8.600398173150072267e-01	-1.443721405201703334e-02	1.241623110420872998e-02
8.607404626144553594e-01	-4.305320876881846281e-03	1.215205852320650447e-02
8.622066744933432059e-01	-2.037110253745466615e-02	1.209969720556775333e-02
8.629073197927912275e-01	-3.703075478359907358e-03	1.198408301689770673e-02
8.643609591540352133e-01	-1.338623678792971727e-02	1.190100372511702052e-02
8.650615986543516156e-01	-8.184489767362079782e-03	1.200252178785648355e-02
8.665278163323711924e-01	-2.137484486832463837e-02	1.236085489278028991e-02
8.672284558326874837e-01	-6.188813838926332522e-03	1.188419219815731523e-02
8.686945459298084371e-01	-1.935555147328016368e-02	1.302898330923236460e-02
8.693827346942477607e-01	-2.145750600145523990e-02	1.185118809594306981e-02
8.708489465731356072e-01	-4.683200342621263168e-03	1.194421054737450881e-02
8.715495860734518985e-01	-6.838294170665726313e-03	1.199727068145457938e-02
8.730158037514715863e-01	-1.364946284097889873e-03	1.194128550141299212e-02
8.737164490509196080e-01	7.769108926819257022e-03	1.192183843816031416e-02
8.751700884121635937e-01	-7.641288035361792907e-03	1.138349021795300245e-02
8.758707279124799960e-01	-7.682618601927093671e-03	1.180686316737947390e-02
8.773369455904995728e-01	-1.763738077749688049e-02	1.290087028935474854e-02
8.780375850908158641e-01	-4.689104709273417271e-03	1.179926603435314629e-02
8.795036751879368175e-01	-1.540553018297419197e-02	1.230180490348892382e-02
8.801918581532444108e-01	-6.808772337404844777e-03	1.191957227627204151e-02
8.816580816303958290e-01	-1.491546775084351406e-02	1.181320243081143175e-02
8.823587153315802789e-01	-3.732597311620788894e-03	1.207360140303053754e-02
8.838248112278330737e-01	-1.067613249458054803e-02	1.222536436790075919e-02
8.845254507281493650e-01	-6.554884571361330181e-03	1.215578221652952907e-02
8.859916684061689418e-01	-1.763738077749688049e-02	1.247041932768692789e-02
8.866798571706083765e-01	-1.286665252253815783e-02	1.195027028422993888e-02
8.881459472677293299e-01	-1.448444898523448821e-02	1.239036491278794685e-02
8.888465809689138908e-01	-1.421284811923440028e-02	1.194999075765340937e-02
8.903128044460651980e-01	-1.425417868579970104e-02	1.188295429474697969e-02
8.910009874113727912e-01	-7.109895036665814239e-03	1.194735522136043844e-02
8.924672108885242094e-01	-9.312223797927843272e-03	1.192704961219414467e-02
8.931677228079418773e-01	-2.663906947576788475e-03	1.199851856795693117e-02
8.946339462850931845e-01	-2.628480747663863859e-03	1.146134835260784191e-02
8.953345799862777454e-01	-1.165035299218986076e-02	1.215901673834362921e-02
8.968007976642973222e-01	-1.196328442475513842e-02	1.168513932639390560e-02
8.974889748304731851e-01	-8.960308722782972524e-05	1.213499741894632708e-02
8.989550765258577103e-01	-1.780270304375786150e-02	1.202280743083874136e-02
8.996557102270422712e-01	-1.453758828510409717e-02	1.206486619751406288e-02
9.011219337041935784e-01	-9.507067897449705818e-03	1.145617711094209026e-02
9.018225674053781393e-01	-6.743824304230816580e-03	1.206165164188399870e-02
9.040266550095780174e-01	-7.747566635100899823e-03	1.199300790116254040e-02
9.062433325288168362e-01	5.480685112073668819e-04	1.210012647852456297e-02
9.076097993415270793e-01	-2.427732281489847210e-03	1.192272693334999085e-02
9.084598708688935709e-01	-1.350432412097313239e-02	1.209997673214428110e-02
9.097642057839860907e-01	-8.774926432579710500e-03	1.239662431148375044e-02
9.106889991240094684e-01	-5.267732641186628761e-03	1.204361219460597932e-02
9.119309353814233354e-01	-2.465505405380152837e-05	1.206488616369809884e-02
9.129179939990949011e-01	-9.790477496754101949e-03	1.201469117702743360e-02
9.140853418238823469e-01	1.007181192116823887e-02	1.284321793294601610e-02
9.151222091841932915e-01	-6.194718205578486625e-03	1.198394325360944285e-02
9.162521990022182150e-01	-6.070726505882806379e-03	1.333186033799158531e-02
9.173512040592787242e-01	-8.243533433883731831e-03	1.197682530900001999e-02
9.195678815785176541e-01	-1.729492751167061027e-02	1.215442451601496734e-02
9.205733350421144712e-01	-2.038291127075897435e-02	1.229191165929826614e-02
9.217844199185943888e-01	-5.019749241795379291e-03	1.215346613918116131e-02
9.227400646395517159e-01	-1.903671567406273191e-02	1.269971098517536437e-02
9.240135481737101752e-01	-5.734177606708801278e-03	1.214817510041118001e-02
9.249069218178875840e-01	1.182540881686477974e-02	1.392788088079166542e-02
9.262300865137870209e-01	-2.498584681315807465e-03	1.228803821959495966e-02
9.270612064785797024e-01	-7.393304635970210370e-03	1.207489920499298444e-02
9.284467582338941094e-01	-2.032139715793856993e-03	1.219248006279073995e-02
9.292280636569156815e-01	-1.128428225975486310e-02	1.135332131387210494e-02
9.306634299540011979e-01	-3.584988145316381214e-03	1.221612002469132409e-02
9.328924306282184720e-01	-1.407114331958225772e-02	1.220382085532412640e-02
9.335491938976800963e-01	-4.630061042751654199e-03	1.175990270252290880e-02
9.351090965491938301e-01	-1.245334685688581633e-02	1.217349222177092904e-02
9.357159292942491824e-01	-2.095563483602025379e-02	1.210425947862035778e-02
9.373256406884022951e-01	-4.293512143577538076e-03	1.230542876589175647e-02
9.395796704152720169e-01	-2.386401714924546447e-03	1.200618558262739333e-02
9.400371929150440620e-01	-1.081783729423291263e-02	1.177335991056428777e-02
9.417464058118411030e-01	-1.569484414893074220e-02	1.223110464581158435e-02
9.440502442813502038e-01	-9.890851729841054762e-03	1.227092719987468890e-02
9.462543318855500818e-01	-2.805611747229042052e-03	1.203869053024069630e-02
9.465250585523775628e-01	-7.050851370144162189e-03	1.161964025965837692e-02
9.483838310571234276e-01	2.697257972599675924e-03	1.206541526757509870e-02
9.505381099186837046e-01	-8.745404599318717942e-03	1.204898309811210794e-02
9.526925163611427161e-01	-1.862341000841039040e-02	1.214093735869753096e-02
9.548592459585799608e-01	-7.706236068535821104e-03	1.232075281214065933e-02
9.570136466019072419e-01	-8.019167501101098772e-03	1.214605868490319096e-02
9.591805037802431100e-01	-1.240020755701620736e-02	1.204238427428766176e-02
9.613472391768120850e-01	-9.814094963362829382e-03	1.228225800931605736e-02
9.616553238504021994e-01	-8.940248698840580488e-03	1.192274689953402855e-02
9.635016456192710965e-01	3.813183269860909164e-03	1.216338933264787467e-02
9.656683694175766108e-01	-1.531106031653928223e-02	1.227212517091694731e-02
9.659764598902984556e-01	-1.564760921571328733e-02	1.185599994629614636e-02
9.678227758600356223e-01	-5.114219108230066979e-03	1.231582116468335833e-02
9.700268692633671197e-01	-6.188813838926332522e-03	1.271212995164678651e-02
9.721563684349404655e-01	-8.444281900057748480e-03	1.231386447864766739e-02
9.743106414973691232e-01	-8.515134299883930780e-03	1.216286022877087654e-02
9.746311827059678246e-01	-1.810382574301883096e-02	1.105670368380869129e-02
9.764774986757049913e-01	-3.301578546011874060e-03	1.221873559480025732e-02
9.786443558540408594e-01	-8.030976234405517999e-03	1.227322331103901897e-02
9.789523245449958111e-01	-1.678715197958335903e-02	1.144238047777207043e-02
9.807986405147329778e-01	-5.509811673925946174e-03	1.227259437624183408e-02
9.811067251883230922e-01	4.639794601165814214e-03	1.188176630679673926e-02
9.829654918939371155e-01	1.997108787288315312e-04	1.232021372517164148e-02
9.832735823666589603e-01	-1.406276850663190636e-03	1.130480348666060286e-02
9.851197707554975036e-01	-1.289617435579903937e-02	1.224248537071304793e-02
9.854403119640962050e-01	-1.757243274432285229e-02	1.137765010912198879e-02
9.872866279338333717e-01	2.691353605947410799e-03	1.234620969678867052e-02
9.894533633304024578e-01	5.224326899731401852e-03	1.240082719322367806e-02
9.916077639737296279e-01	-1.178024905853769511e-02	1.229670354346730325e-02
9.919158544464514726e-01	-1.146484717967521938e-03	1.098382711207124794e-02
9.937744935711668726e-01	-9.347649997840878910e-03	1.206148192931968087e-02
9.940825898430204477e-01	-1.237068572375521480e-02	1.123446262029594023e-02
9.959289000136258840e-01	-1.645650744706150803e-02	1.205431406925016116e-02
9.962494412222245854e-01	-4.281703410273118848e-03	1.118658371097364101e-02
9.980956296110631287e-01	-1.198690189136375484e-02	1.221592036285094884e-02
9.984037200837849735e-01	-6.153387639013185861e-03	1.126977281676653543e-02
