2.131934806910233660e-04	-2.819817047584416425e-02
6.490910181504652579e-04	-7.816040506895771678e-03
2.180821487600746560e-03	1.765742579796891754e-02
2.579355219165885716e-03	2.035975046857085857e-02
4.160894431255646696e-03	-7.855204632556622713e-03
4.534520891935168302e-03	5.986516351022430626e-03
6.103609368147998489e-03	5.404649341203437984e-03
6.464785092950588868e-03	1.110582706241070028e-02
8.083688110934652421e-03	-3.580720060425424123e-04
8.407494230711185998e-03	-7.200604246510255990e-03
1.003885378370393544e-02	-4.537443701569388033e-03
1.035021496673529245e-02	-2.975914062718565400e-02
1.196911798471935601e-02	-8.688841021624149619e-03
1.228047336861895836e-02	-1.055752930315834170e-02
1.392428365748863903e-02	-2.516015329957754787e-02
1.421073756963437719e-02	-3.238313704646555991e-02
1.586699859438099255e-02	-3.866058690239704276e-03
1.616590324240366194e-02	-9.164405404649356157e-03
1.779726279539640965e-02	5.885808599322972512e-03
1.809616744341908251e-02	-2.663160544940845753e-02
1.975242846816569267e-02	-5.260861051277032630e-02
2.005133311618836553e-02	7.569866002741454380e-03
2.172005067594366332e-02	-1.999608358743387715e-02
2.199404805308071559e-02	-1.766302067306346757e-02
2.368767288372163049e-02	4.369597448736994849e-03
2.393676298997306912e-02	5.874618849133206311e-04
2.566775162650828529e-02	2.043807871989256064e-02
2.587947792686541917e-02	-5.779505972529186408e-03
2.763536803515450127e-02	4.526813438889965013e-02
2.788445814140593643e-02	-3.083335664531294817e-02
2.960299604206422311e-02	2.942904299661597278e-03
2.981471654328960233e-02	-3.726746300388839028e-02
3.154570517982482197e-02	-1.548101938624213414e-02
3.175743148018195239e-02	-1.042325230089236054e-02
3.348842591584892669e-02	3.748566313255263793e-04
3.370014641707430592e-02	-1.943659607799264055e-02
3.541868431773259607e-02	-1.750076929532540237e-02
3.563041061808972648e-02	-9.304277282009665306e-03
3.736139925462494266e-02	-2.131087923462116063e-02
3.757311975585032188e-02	1.397040311075059549e-02
3.930411419151729618e-02	-6.154362603854934832e-03
3.951584049187442660e-02	-2.436568103617087200e-02
4.123437839253271675e-02	2.265364925728041712e-02
4.148345690052064605e-02	-3.732341175483266937e-02
4.317709332942507028e-02	4.335468710661039005e-02
4.346352984417554272e-02	2.159621786443688407e-03
4.515717207221172508e-02	-2.218927462444397758e-02
4.540624478106789624e-02	-1.024421629787120036e-02
4.708743047409538751e-02	8.213276638598943080e-03
4.737386698884586689e-02	5.874618849133206311e-04
4.906750921688204231e-02	-2.571404593392456750e-02
4.931658192573821348e-02	1.434525974207612187e-02
5.099776761876571168e-02	-2.156824348896413390e-02
5.125929686263056700e-02	-4.431141074775601929e-03
5.294048255565805827e-02	1.740565641872038327e-02
5.320201179952292053e-02	-3.401684057403375760e-03
5.487074675667347884e-02	1.280107421601806017e-02
5.513227020140658297e-02	-8.716815397096233653e-03
5.683836316531969829e-02	2.567488180826349442e-02
5.711234314506148657e-02	3.379304557025619715e-03
5.876862736633511886e-02	2.142277673650938574e-02
5.907996535283945028e-02	4.051249055864825088e-02
6.071134230322746544e-02	-2.536156880297657512e-02
6.104758756061742092e-02	-5.482977592525806187e-04
6.265405724011981203e-02	-2.594903068788989575e-02
6.300275903251846554e-02	-1.552577838699753521e-02
6.458432144113523954e-02	1.080929868240687597e-02
6.497037544116467112e-02	9.695918538618508720e-03
6.652703637802759307e-02	3.831370464654382246e-02
6.691309037805702464e-02	-1.230872520771031375e-04
6.846975131491994659e-02	-3.369793269365262134e-02
6.886826184995806233e-02	8.660866646152065584e-03
7.041246625181230012e-02	-1.534674238397626400e-02
7.079851445270997357e-02	-1.103868856127787623e-02
7.236763192458157967e-02	3.323355806081451647e-03
7.275368592461101125e-02	8.297199765015195183e-03
7.429789612559699330e-02	6.159957478949262821e-03
7.470885159738029080e-02	-7.720927630290308485e-04
7.622815452748066267e-02	-6.484460234425282188e-03
7.665157233340440246e-02	1.092119618429499006e-02
7.822068980527600857e-02	-2.237950037764502298e-05
7.858183073528807183e-02	-3.228242929476543566e-03
8.016339894303660396e-02	-4.425546199681162918e-03
8.053700220718910952e-02	-2.723025708451065618e-02
8.210611967906070174e-02	-1.860295968892489160e-02
8.246726060907276501e-02	1.657761490474718435e-02
8.404883461595305527e-02	-1.428371611603773683e-02
8.443487701771898446e-02	-4.772428455534716285e-03
8.597909301783672464e-02	3.195792653928997140e-02
8.637759775374309612e-02	1.702520491230030686e-02
8.794672102474644648e-02	6.277449855931926948e-03
8.830785035649500736e-02	-3.173972641060796018e-02
8.990188089838398178e-02	2.920524799283863437e-02
9.023811455751042099e-02	-4.029429042996623966e-02
9.186950890529370362e-02	-1.042884717598679956e-02
9.218082949440277452e-02	4.133493719752712181e-02
9.383712531393990919e-02	4.649341203457613148e-03
9.411109369541818814e-02	-8.839902649173336791e-03
9.580475332084963103e-02	-2.290541863652906240e-02
9.606625936818748157e-02	5.885808599322972512e-03
9.775991899361892445e-02	-2.266483900746918412e-02
9.803388157596544528e-02	1.579992726662382552e-02
9.973999773640557232e-02	-2.608330769015576589e-02
9.998904724873472483e-02	-8.269225389543222171e-03
1.016951576100431076e-01	-2.879122723585203492e-02
1.019317679847588365e-01	-1.314795647187283478e-03
1.036378783460672054e-01	-2.129968948443228260e-02
1.038620263866425059e-01	-3.093965927210673428e-02
1.055681425470826329e-01	4.061879318544292516e-03
1.058047413235348455e-01	1.691890228550652076e-02
1.075108516848432283e-01	-2.692253895431795385e-02
1.077723577321810650e-01	-1.577754776624618049e-02
1.094660231567442660e-01	1.095476543486162413e-02
1.097399799399590287e-01	5.434861666713297623e-02
1.114336453645222297e-01	1.120093993901583040e-02
1.116702441409744562e-01	2.383416790220160841e-02
1.133763603014145832e-01	-3.956136179259794883e-02
1.136129532787350516e-01	1.124569893977245272e-03
1.153066245024300107e-01	-7.670573754441023517e-03
1.155681247506360892e-01	-1.901698044591160208e-02
1.172493394393223504e-01	2.594343581279545674e-02
1.175357469584140530e-01	2.405796290597805864e-02
1.191796036403377779e-01	2.118779198254383545e-02
1.194660053602977223e-01	3.806193526729506615e-02
1.211223127780983733e-01	1.110023218731637229e-02
1.214460783039526259e-01	3.041374101323190970e-02
1.230525769791137869e-01	2.984865862869612307e-02
1.233887932408449795e-01	7.010378493300217784e-03
1.250201991868917506e-01	2.036534534366474247e-03
1.253564154486229432e-01	4.438414412398250519e-02
1.269878213946697421e-01	1.168209919713536493e-02
1.272991303855152967e-01	-3.051444876493136782e-02
1.292293945865307103e-01	4.856351581951079410e-03
1.311721037242913057e-01	4.530729851456061219e-02
1.331148186611836592e-01	1.893865219458978899e-02
1.350699901330847108e-01	1.061907292919683776e-02
1.370251558058539765e-01	3.561137997594188143e-02
1.389678707427463300e-01	-3.289786555515150646e-03
1.409354871513925633e-01	2.720787758413290014e-02
1.428906528241618290e-01	2.023106834139931642e-02
1.448333735601859407e-01	1.034492404957054745e-02
1.452692710976453694e-01	1.230872520770986966e-02
1.467636319620695962e-01	1.074216018127405192e-03
1.472368875062916027e-01	-1.411586986320534365e-02
1.486938961630850375e-01	-3.088371052116256621e-02
1.491796082423157144e-01	9.119646403894066111e-03
1.506615125717312431e-01	-4.727669454779537261e-03
1.511223173800763098e-01	1.350043360281971694e-02
1.526042333077553548e-01	1.161496069600254089e-02
1.530774888519773336e-01	2.752678546451337027e-03
1.545469424455159502e-01	2.758273421545864856e-02
1.550326603238783851e-01	-3.586314935519085978e-03
1.564647501115226658e-01	3.708283212577279109e-02
1.569753694616389805e-01	1.198422245223373928e-02
1.584199157842919592e-01	-4.043416230732654881e-02
1.589305409335400043e-01	-2.058914034744230293e-03
1.603626365203160709e-01	3.033541276190998559e-02
1.608732558704323579e-01	1.569921951492436740e-02
1.623178021930853643e-01	-1.773575404929172983e-03
1.628408780782103216e-01	2.281030575992382126e-02
1.642854186017315699e-01	2.964164825020287886e-02
1.648085002859882853e-01	-1.572719389039645144e-02
1.662281393377556815e-01	1.096036030995595212e-02
1.667387644870037267e-01	6.907432791562917451e-02
1.681833050105249472e-01	2.461745041542062751e-04
1.686690286880191403e-01	3.205863429098787520e-03
1.701135692115403608e-01	3.770945813634796195e-03
1.706117378257797357e-01	-1.248776121073102985e-02
1.720562783493009840e-01	2.491397879542334159e-02
1.725420020267951493e-01	2.775617534338548076e-02
1.739865425503163976e-01	5.936162475172812591e-03
1.744847111645557447e-01	2.268721850784682914e-02
1.759292516880769930e-01	-1.393123898508985548e-03
1.764274319005798564e-01	1.245978683525894581e-02
1.778968738958549567e-01	3.226564466948267373e-02
1.783576961015952700e-01	3.148236215626476486e-02
1.798644961036329204e-01	-2.467899404145801334e-02
1.803004052393558654e-01	-5.773911097434747397e-03
1.818196617764022138e-01	9.276302906537470250e-03
1.822431259753799770e-01	3.977956192128040414e-03
1.837872897833119357e-01	-3.567851847707492752e-02
1.841858351131405724e-01	3.195233166419564341e-02
1.857175481851955912e-01	2.217808487425521058e-02
1.861285558491646841e-01	1.591741964360648964e-02
1.876851645938418245e-01	-2.424818865918820787e-02
1.880837215219339775e-01	-2.092483285310753338e-03
1.894781285514374747e-01	5.538710105794431016e-03
1.896154287948572381e-01	1.905054969647790308e-02
1.900264364588263311e-01	8.700030771813027641e-03
1.914457507592154384e-01	5.948165198530253051e-03
1.915581379326178335e-01	2.211654124821649248e-02
1.919567006598417447e-01	-1.174923769826852205e-02
1.934133729669934021e-01	-7.248461776813153179e-04
1.934884021336332471e-01	2.434330153579322698e-02
1.938994097976023401e-01	-4.839566956667762376e-03
1.953809951747713658e-01	-4.338010712230544463e-02
1.954311170705256007e-01	1.513413713038858077e-02
1.958421305336264517e-01	3.356925056647863670e-04
1.973237101116637193e-01	6.435084768270593614e-03
1.973738320074179542e-01	-1.204017120317801837e-02
1.977972962063957174e-01	-1.191708395110180341e-03
1.992913323194417108e-01	4.069651631180559725e-02
1.993165469443103077e-01	-9.214759280499085214e-03
1.997773749491823791e-01	1.750076929532551340e-02
2.012592618812026612e-01	1.210730970431095344e-02
2.012714110622283448e-01	-3.579412155283079322e-02
2.017200840869429745e-01	-1.392004923490097745e-02
2.031895202830863167e-01	-7.849609757462294723e-03
2.032016752632437862e-01	4.094550927360440795e-04
2.036628048229670862e-01	2.324670601728806574e-02
2.051319336651274416e-01	3.330972511176977235e-03
2.051322352199786703e-01	4.895515707611819423e-03
2.056428777666219898e-01	-1.363471060508569810e-02
2.070746486020197952e-01	-1.322429285998794057e-03
2.070874066918797218e-01	1.671189190701305449e-02
2.075980434393912555e-01	1.139676056732019660e-02
2.090422766089295170e-01	5.837501659953003852e-03
2.090550231005259274e-01	-3.177889053626925531e-03
2.095781221821779172e-01	9.819005790695722879e-03
2.109725350108131725e-01	-4.464167146208664061e-02
2.110351018433125891e-01	2.730299046073803027e-02
2.115083805840616005e-01	-2.176965899236305013e-02
2.129152499477055260e-01	-2.841286352972427487e-02
2.129653602451962446e-01	1.309760259602188448e-02
2.134635520559626243e-01	-7.978291884633725850e-03
2.148455141487209397e-01	3.568899119118285057e-03
2.149205259179655381e-01	1.860855456401933061e-02
2.154311742637405880e-01	5.028114247349435573e-02
2.167882290856132932e-01	9.400867602142426449e-03
2.168632408548578916e-01	2.682742607771282373e-02
2.173738892006329415e-01	3.529247209556052312e-02
2.187683020292681968e-01	-2.036209109822495478e-03
2.188059557917502451e-01	4.192799395753499248e-02
2.192916968666396849e-01	1.523484488208803889e-02
2.206985662302836104e-01	-1.125448187331246075e-02
2.207486707286425709e-01	7.776876381235808822e-04
2.212468625394089505e-01	4.309732285226730575e-02
2.226412869663077221e-01	-1.636160417865517580e-02
2.226789291305262541e-01	2.810305759923914515e-02
2.231895832754330622e-01	1.304165384507793846e-02
2.245839961040683175e-01	1.242751538223174634e-02
2.246216440674186077e-01	4.990069096707405727e-02
2.251447489482023556e-01	2.747643158866486246e-02
2.265391675759693690e-01	2.046168828294447906e-02
2.265519024693022632e-01	2.613366156600549495e-02
2.270750131492177692e-01	-1.298011021903966444e-03
2.284946232053263748e-01	6.540408985369339234e-03
2.285067955828790909e-01	-3.505820902129175298e-02
2.290426295578639748e-01	1.350043360281971694e-02
2.304248816072100303e-01	-4.716479704590659239e-03
2.304868627274022364e-01	-1.547629587003673812e-02
2.309728937588794162e-01	9.511287660503020547e-03
2.323800472799793237e-01	2.470696841693009738e-02
2.324544907343119582e-01	3.003961754681072627e-02
2.329031521607630717e-01	-3.194673678910242565e-03
2.343601260227659855e-01	1.599015301983386372e-02
2.344843782197380821e-01	-4.752445664202564757e-02
2.348583236326641233e-01	1.607967102134444382e-02
2.363401989664208891e-01	1.812739530590024017e-03
2.364644569625247439e-01	-7.646850515692027450e-03
2.367885878336795369e-01	3.731222200464379135e-02
2.382704631674363027e-01	2.912691974151671026e-02
2.384320791703027076e-01	1.487317958479028590e-02
2.387188462355631924e-01	-3.520295409404983200e-02
2.402131723051968981e-01	1.317593084734380859e-02
2.403747883080633030e-01	-4.044199017307781308e-02
2.406740177074642439e-01	1.499986012812248859e-02
2.421683379779661638e-01	2.672671832601336561e-02
2.423424163149730248e-01	1.902859545836843580e-02
2.426416341161104495e-01	-2.500349679693403271e-02
2.441235094498672153e-01	3.300976305703917646e-03
2.442975877868740764e-01	1.932185383559814618e-02
2.446092621230201714e-01	1.307522309564435048e-02
2.460662185876278107e-01	1.770218479872442963e-02
2.462776607305289800e-01	1.759550263379372481e-03
2.465519712607807667e-01	-5.214423587993510800e-03
2.480089393236519224e-01	-2.344252664559287602e-03
2.482452829383069437e-01	8.974812978619794990e-03
2.484946919968048784e-01	-2.690575432903463682e-02
2.499516484614125178e-01	2.169133074104112602e-02
2.502129051460849074e-01	3.005621707759731365e-02
2.504498576695741718e-01	5.992111226116758615e-03
2.518819126624279314e-01	1.429490586622650383e-02
2.521805273538628711e-01	1.160860519675965818e-02
2.524174798773521355e-01	3.774862226200803583e-02
2.538370783351971971e-01	1.540269113492054309e-02
2.541481495616408348e-01	-4.072418219644879933e-03
2.543602006133762194e-01	-2.415307578258318877e-02
2.557548860012039404e-01	1.002042129409463911e-02
2.560784079635244903e-01	2.966889469257671941e-02
2.562904532161281446e-01	5.216661538031153178e-02
2.577225082089819042e-01	7.474753126136546300e-03
2.580460359704342399e-01	-3.319906157319285622e-02
2.582207174171435859e-01	-6.277449855932037970e-03
2.596652173467425273e-01	1.380255685791809128e-02
2.600136581782122036e-01	-7.248461776813819313e-03
2.601634323540359395e-01	4.699695079307453227e-03
2.616328453536522214e-01	1.905054969647790308e-02
2.619812803859901673e-01	8.869682616971408251e-03
2.621186038259369355e-01	1.475368562396850436e-02
2.636004617622984547e-01	4.290150222396293955e-02
2.639489025937681310e-01	3.110198751715276266e-02
2.640986767695918669e-01	5.242397963465483812e-03
2.655805347059533306e-01	5.768316222340308386e-03
2.658791667947835724e-01	0.000000000000000000e+00
2.660413917064842204e-01	1.246538171035327380e-02
2.675481627128630802e-01	-5.443813466864400041e-03
2.678094251966672279e-01	-2.451197379487402017e-03
2.679841066433765739e-01	8.045430385766660919e-03
2.695157791215093135e-01	7.541891627269370346e-03
2.697645966685682795e-01	1.917799123544772222e-02
2.699517288511545376e-01	-1.281226396620760433e-03
2.714709447942785792e-01	1.944778582818140755e-02
2.716948608695836653e-01	-5.903899783099575416e-03
2.719193452598007155e-01	4.702492516854550608e-02
2.734385670020565429e-01	4.432260049794378709e-02
2.736251250705991067e-01	-3.945155150281043355e-03
2.738869732667104651e-01	2.778974459395189278e-02
2.753937326748258085e-01	6.557193610652767291e-03
2.756051980142539826e-01	1.008698154132181557e-02
2.758794969462423086e-01	2.851148348113130560e-02
2.773364476117181621e-01	2.949618149774813070e-02
2.775354622152694239e-01	-3.443296002832985092e-02
2.778346684181433601e-01	-3.054801801549933415e-03
2.792791625486105156e-01	1.535793213416503100e-02
2.794781771521617775e-01	1.127661458102791059e-02
2.797773833550356581e-01	1.798752342853937591e-02
2.812218774855028691e-01	2.303969563879482152e-02
2.814084355540454330e-01	3.595458368376780456e-02
2.817076475560510995e-01	-2.671552857582459861e-02
2.831645924223952226e-01	-4.212940946093368666e-03
2.833760577618233967e-01	5.798769421450966632e-03
2.836628190279521511e-01	8.386717766525775275e-03
2.851073073592875762e-01	2.200464374632837838e-02
2.853436857687331463e-01	-1.037470674162266349e-02
2.855930716307040762e-01	3.947743866618180775e-02
2.870500222961799297e-01	1.976669370856298791e-02
2.873113021773793796e-01	1.525496879288223973e-02
2.875233358317194621e-01	6.825747615184507566e-04
2.889927314339405529e-01	2.883039136151288595e-02
2.892664736492803756e-01	-1.845314505776640690e-02
2.894909580394974258e-01	1.465297787226882420e-02
2.909728043775954287e-01	1.373541835678504519e-02
2.912340958570583394e-01	-1.947678278960640608e-02
2.914461295113984773e-01	6.758609114051461475e-03
2.929155251136195681e-01	4.157551682658677805e-02
2.932017180648363031e-01	3.845557965561408054e-03
2.933763879132821328e-01	2.355442414748054603e-03
2.948457835155032236e-01	2.703443645620606794e-02
2.951444388008604425e-01	2.301801602408026781e-02
2.953191028501744864e-01	-1.765183092287458955e-02
2.967884984523955771e-01	3.114107477550565051e-02
2.971120552095066203e-01	-2.950289938471073459e-02
2.972618235861986258e-01	1.430050074132105387e-02
2.987312133892879307e-01	3.374828656950223937e-02
2.990547701463989738e-01	3.132331459430748311e-02
2.992294399948448036e-01	2.992139200492349715e-02
3.006739283261802842e-01	2.780652921923509879e-02
3.009850343474144152e-01	5.035191005267058983e-04
3.011970680017545532e-01	3.266847567628050619e-02
3.026415505339582479e-01	2.702884158111173996e-02
3.029277550834384991e-01	-2.291841883936085456e-02
3.031646844104007310e-01	4.285114834811309947e-02
3.046091669426044257e-01	6.965619492544705693e-03
3.048704642211991223e-01	1.300849895976274873e-02
3.051323066181787502e-01	1.479844462472379440e-02
3.065892456853910875e-01	2.216689512406633256e-02
3.068007284222145636e-01	-1.609047850914080424e-02
3.070999288259567139e-01	9.046913027666692031e-03
3.085444113581604086e-01	-1.700842028701687880e-03
3.087932637000098679e-01	3.049887123190653249e-02
3.090675510337346776e-01	1.417181861414951172e-02
3.104871204959209763e-01	5.522701205695579318e-02
3.107608801086561012e-01	-3.713868354654503712e-02
3.109978094356183331e-01	1.966598595686352979e-02
3.124298412319450602e-01	4.375192323831322838e-03
3.127285023164340649e-01	3.369704749679014455e-03
3.129405301716424170e-01	1.985061683497924001e-02
3.143725503697056833e-01	2.825411922678933152e-03
3.146961245242120286e-01	4.902394758974804034e-03
3.148832393094030402e-01	1.508937812963329073e-02
3.163152711057297672e-01	5.136095336671697709e-03
3.166388394611043822e-01	2.004670001327957252e-02
3.168135035104184261e-01	1.333818222508176277e-02
3.182579802434903904e-01	8.985369401628195973e-03
3.185940109330054337e-01	-3.779159842415058534e-03
3.187811199190646594e-01	-9.511287660503020547e-03
3.202006893812509580e-01	8.789548773323607733e-03
3.205367258698977873e-01	-3.668496303837809336e-03
3.207487479259744090e-01	1.628108652474313800e-03
3.221683173881607076e-01	2.089126360254001114e-02
3.225417118835700592e-01	-1.968704351290340160e-02
3.227163643346205868e-01	1.161496069600254089e-02
3.240985757900443631e-01	2.993258175511215313e-03
3.244844268204624127e-01	1.398787127617184822e-02
3.246964430774072485e-01	5.770554172378106195e-02
3.260537472619454147e-01	3.825775589559943235e-02
3.264146852223460682e-01	-8.676021424461000109e-03
3.266267014792909040e-01	2.099756622933401928e-02
3.279964563997059823e-01	1.981704758441260594e-02
3.283574001592384217e-01	1.620114204771816446e-02
3.285694222153150434e-01	1.570481439001869539e-02
3.299391713365983358e-01	4.287912272358518351e-02
3.302876643602538631e-01	1.698685317161685582e-02
3.305121371522073970e-01	2.443281953730380707e-02
3.318694355376137772e-01	4.048451618317616685e-02
3.322303850962779470e-01	-6.208224514187121734e-03
3.324548462899679646e-01	2.158502811424733991e-02
3.338246012103830429e-01	1.212409432959415945e-02
3.341980015049241803e-01	5.450179274932498430e-02
3.343975670259921040e-01	3.795003776540673002e-02
3.357797726822840945e-01	2.994377150530103115e-02
3.361656295118338744e-01	-3.314372980390389856e-03
3.363402761637526717e-01	6.848127115562263612e-03
3.377473890909303278e-01	3.750244775785382956e-02
3.381083386495944976e-01	1.520517020052225554e-02
3.382829968997768111e-01	-2.831006797773261141e-03
3.397025547636995935e-01	2.130528435952672162e-02
3.400386028506098834e-01	-1.931078748174053228e-02
3.402132553016604666e-01	3.803955576691753215e-02
3.416452697005919470e-01	4.002573642543416632e-02
3.419813235866340229e-01	1.367801336815555047e-02
3.421684267735615181e-01	1.229194058242644161e-02
3.436004353733612127e-01	1.461940862170263422e-02
3.439364892594032885e-01	-4.864769155858528205e-02
3.440862344395682060e-01	9.679133913335302708e-03
3.455805141161478744e-01	4.131815257224391580e-02
3.459165622030581644e-01	-2.196671240759595634e-02
3.460164928414519170e-01	1.159258119562478484e-02
3.475481363239258381e-01	2.062270959800827086e-02
3.478592829390823038e-01	-1.094462396529594095e-02
3.479592135774760009e-01	1.647690715304772624e-02
3.495157527325720714e-01	2.391249615352331048e-02
3.498019978759746573e-01	-4.059691912708607298e-02
3.499019227152365685e-01	8.795143648417935722e-03
3.514584676694644250e-01	3.141522365513194082e-02
3.517322562778583128e-01	-1.211765747421533757e-02
3.518321869162520099e-01	3.831929952163815045e-02
3.534385406131193008e-01	2.301731613841728752e-02
3.536749770138823967e-01	-3.880416980213352574e-02
3.537748960540126331e-01	9.332251657481860363e-03
3.554061628208972645e-01	3.702128849973407299e-02
3.556176919507747503e-01	3.203156124120210002e-02
3.557300675259136291e-01	1.274512546507411415e-02
3.573488777577896180e-01	3.908579740957285331e-02
3.575604068876671038e-01	1.674892656367577004e-02
3.576852389978146807e-01	2.481886591881843351e-02
3.592915926946819716e-01	2.517134304976642589e-02
3.594906710886825452e-01	3.185449957947872335e-02
3.596279539347070342e-01	1.049598567711962360e-02
3.612218568956974130e-01	2.895907348868420605e-02
3.614333860255748987e-01	6.949670222655024432e-03
3.615582181357224756e-01	2.230117212633220269e-02
3.631645660334580361e-01	5.383388815844680764e-02
3.633636444274585542e-01	-5.383781151786171115e-03
3.635133838084917413e-01	9.589615911824722616e-03
3.651072809703503896e-01	1.552577838699753521e-02
3.653063593643509077e-01	-2.353260147846492067e-02
3.654560987453840948e-01	3.327831706157158287e-02
3.670499959072426877e-01	3.466025120989169039e-02
3.672490801003749916e-01	-1.050196981098672211e-02
3.673988136822764483e-01	4.770749993006417888e-02
3.690051615800120088e-01	5.012448597085072954e-02
3.692166965090212249e-01	3.130671506352089573e-02
3.693290778832918897e-01	1.755112317117513143e-02
3.710225925304294625e-01	6.280247293479157555e-02
3.711843245159309745e-01	-1.019764507989917579e-02
3.712966942919380675e-01	-2.528883542674997820e-03
3.729653132664535464e-01	6.057571264721506310e-02
3.731394959878319706e-01	-3.920809171794081838e-02
3.732269584929535089e-01	1.388647998433434338e-02
3.749080224042141696e-01	1.986740146026244602e-02
3.750697543897156816e-01	4.788411314240170746e-02
3.751945749015996867e-01	1.544745013567561109e-02
3.768382866052295554e-01	3.904103840881734122e-02
3.770000185907310675e-01	-1.358948253729352906e-02
3.771622029085094363e-01	2.342574202030944797e-02
3.787685450071132109e-01	2.897026323887308408e-02
3.789676407985090312e-01	-1.038577309548049943e-02
3.791298193171556696e-01	-9.013343777100168985e-03
3.807112657431373504e-01	3.635549836349905028e-02
3.809228064712783524e-01	-3.629764065335661094e-03
3.810725400531797535e-01	1.137997594203721263e-02
3.826664256167748857e-01	3.498475396536782078e-02
3.830152549900721071e-01	5.930567600078706647e-04
3.846464985604297615e-01	3.110750552493901644e-02
3.849455133919557626e-01	-1.305284359526670546e-02
3.866141207682077252e-01	6.028477914230578882e-02
3.869255921347424243e-01	-2.803591909810621008e-02
3.885692922401087768e-01	4.846280806781000372e-02
3.888683012725030474e-01	-1.353400285338635101e-02
3.905120013778693999e-01	-4.112233194394021574e-03
3.908359292794127415e-01	9.723892914090592754e-03
3.924422655788847858e-01	4.890480320026857619e-02
3.927786384171733647e-01	2.695610820488436588e-02
3.943725239807684413e-01	1.728816404173771915e-03
3.947587171599600264e-01	-9.528072285786226558e-03
3.963152447167925807e-01	3.322236831062741480e-02
3.967263393677379901e-01	-1.898900607043951805e-02
3.982579538545531483e-01	1.464178812208016822e-02
3.986939615755159538e-01	-1.047920105183663964e-02
4.002006629923137715e-01	2.190393599462892027e-02
4.006366707132765215e-01	1.728816404173771915e-03
4.021433837283378554e-01	1.085965255825671605e-02
4.025669349142919629e-01	3.810109939295536208e-03
4.041234566719927868e-01	1.846308781157102175e-04
4.045096498511843164e-01	1.012112904579409722e-02
4.060910730806389646e-01	4.589476039947393282e-02
4.064523647880766699e-01	1.949254482893669760e-02
4.080337938166631040e-01	5.276526701541395248e-02
4.083826231899603254e-01	-1.329901809942102275e-02
4.099765029544236716e-01	3.604778023330634795e-02
4.103377946618613770e-01	3.323355806081451647e-03
4.119192236904478110e-01	2.979830475284628299e-02
4.122805095987537305e-01	1.815536968137188012e-02
4.138494820923314665e-01	4.532408313984381820e-02
4.142107737997691164e-01	2.197107449576174432e-02
4.157921970292238201e-01	2.679945170224073969e-02
4.161659452716701679e-01	2.763308809130826660e-02
4.177099988960987775e-01	-1.902257532101492288e-04
4.181335616803164013e-01	-2.025344784177707247e-03
4.196527138329911311e-01	-4.048451618317616685e-02
4.200638258813317871e-01	1.553696813718641323e-02
4.215954287698834846e-01	1.763504629759138354e-02
4.220065350190924103e-01	-2.075698660027436304e-03
4.235256871717671401e-01	-4.610177077796651091e-03
4.239492557551164942e-01	1.370744398131318320e-02
4.254559513727825815e-01	3.584076985481288169e-02
4.258795141570001497e-01	3.427420482837706395e-02
4.274235735805605452e-01	-6.070439477438682729e-03
4.278471363647781689e-01	5.001818334405827571e-03
4.293911899892067785e-01	3.972361317032824246e-04
4.298023020375474346e-01	-3.468822558536421852e-03
4.313712687319934402e-01	2.292779813690648538e-02
4.317201155026859083e-01	-4.474781100511937559e-02
4.333139778697540079e-01	-9.544856911069543592e-03
4.336877319113321416e-01	9.108456653705188089e-03
4.352442420707694493e-01	1.258846896243115410e-03
4.356429033832331932e-01	-4.923490083084125502e-04
4.371869570076618028e-01	5.337510840070391893e-03
4.375980690560024589e-01	3.616527261028901208e-02
4.391296661454223704e-01	3.231040367023796378e-02
4.395407839928948124e-01	-5.510951967997446133e-03
4.410599303464378118e-01	2.263686463199698906e-02
4.414835047289188963e-01	2.568047668335804445e-02
4.429901887483214673e-01	1.092679105938954010e-02
4.434262138666795194e-01	3.898508965787339520e-02
4.449453602202225189e-01	3.181805466192955123e-02
4.453689346027036033e-01	-8.168517637843875079e-03
4.459290669397398821e-01	-1.439561361792596195e-02
4.468631678862292622e-01	3.073824376870781805e-02
4.473365510113498367e-01	1.191708395110069318e-03
4.478966891475179013e-01	6.456485858953087131e-03
4.487934320872446481e-01	4.344420510812097014e-02
4.492792717473739206e-01	4.111673706884499957e-02
4.498394040844101993e-01	5.482977592525362098e-03
4.507485977600139138e-01	5.189246650068546352e-02
4.512095301492575761e-01	2.818138585056084722e-02
4.518194770280651307e-01	-3.989705429826273519e-02
4.527162141686601471e-01	2.064508909838580486e-02
4.531646958220268973e-01	-2.679945170224073969e-03
4.537871050349748248e-01	-1.706436903796115789e-02
4.546464783696755885e-01	-9.863764791451123948e-03
4.551074107589192508e-01	-6.333398606876095016e-03
4.557547214436210581e-01	1.107785268693861624e-02
4.565891875074361561e-01	-5.835454723473354477e-03
4.570625822308202468e-01	2.801353959772834301e-02
4.577098929155221096e-01	-1.609086077153332184e-02
4.585443589793372077e-01	1.398718773604201715e-04
4.590301986394664802e-01	-4.829496181497749951e-02
4.596401571165374955e-01	-1.919042157383843428e-02
4.604870739162295612e-01	3.927042828768856353e-02
4.609729193754905641e-01	6.316613981592889004e-03
4.615704155184212065e-01	3.010042800794421325e-03
4.624297830539901843e-01	-1.244300220997562878e-02
4.629156285132511872e-01	4.811592581195567320e-03
4.635131304553135601e-01	6.786583489523545509e-03
4.643600472550055702e-01	1.904495482138357509e-02
4.648458927142666286e-01	8.957395026155889894e-03
4.654683019272145561e-01	-1.399837748622267952e-02
4.662903056568892257e-01	-1.737768204324841026e-02
4.667886134502907125e-01	2.607211793996588867e-03
4.674110168641069096e-01	-1.764623604778037258e-02
4.687313225880513357e-01	2.647494894676460930e-02
4.693537318009992632e-01	1.504461912887800068e-02
4.706740375249436892e-01	-1.119534506392150242e-02
4.713089032729003147e-01	1.738327691834284927e-02
4.726167524618359872e-01	1.028338042353205140e-02
4.732765254806782784e-01	6.713850113295727340e-04
4.745594673987283407e-01	6.573978235935751258e-03
4.752192404175706320e-01	5.427028841580305851e-04
4.765146330714976619e-01	2.058914034744230293e-03
4.771495046185860733e-01	-8.224466388787821103e-03
4.784698045433987135e-01	2.888634011245705402e-02
4.790922137563466410e-01	-1.118975018882695238e-03
4.804125194802910115e-01	-3.754161188351479161e-03
4.810349344923707804e-01	-3.129773127814927669e-02
4.823552344171833650e-01	-3.021232550983743437e-04
4.829901059642717764e-01	-1.641536352700923018e-02
4.842979493540757185e-01	-4.682910454024136193e-03
4.849203701652872178e-01	1.986180658516856212e-03
4.862282135550911599e-01	-1.091000643410611204e-03
4.868879865739334512e-01	6.232690855176636902e-03
4.881709226928517831e-01	-2.959688924944803290e-03
4.888307073099575351e-01	9.807816040506844857e-03
4.901011868938671689e-01	1.796514392816184191e-02
4.907734164477181582e-01	-1.824488768288257123e-02
4.920439018307595225e-01	-3.726186812879395127e-03
4.927285879196191543e-01	9.522477410691676525e-03
4.939866167676518760e-01	-3.714997062690517104e-03
4.946713086556432937e-01	-2.819817047584416425e-02
4.959168809686673174e-01	2.964164825020287886e-02
4.966389250642894715e-01	-2.298374688785076447e-02
4.978595901064278850e-01	1.367387473074654913e-02
4.986065472720674907e-01	-2.408593728145025370e-02
4.997898543074433264e-01	-1.927993957534901437e-02
5.005492680080915191e-01	-3.038017176266549768e-02
5.017325692443356244e-01	2.886396061207929797e-02
5.024919771458521423e-01	3.396089182309047771e-03
5.036752841812279780e-01	4.945869583461437458e-03
5.044346978818762262e-01	1.099392956052258619e-02
5.056055483822434748e-01	1.236467395865359364e-03
5.063898693537772777e-01	-2.317956751615524169e-02
5.075482633191358284e-01	-2.122695610820479750e-02
5.083574857624235666e-01	-2.551822530562009028e-02
5.094785275201512142e-01	-1.680140990852385663e-02
5.103251079702014747e-01	6.176742104232468833e-03
5.114087801229031394e-01	-1.474809074887406535e-02
5.122553721712168606e-01	-1.488236775114115673e-03
5.133639515948041909e-01	-9.712703163901936776e-03
5.141980871081092141e-01	-2.375024477578535631e-02
5.153315738025820991e-01	1.385291073376793136e-02
5.161408020450015677e-01	-1.464738299717460723e-02
5.172991960103601183e-01	5.455003217053278064e-03
5.180835227810257626e-01	2.122695610820479750e-02
5.192792689540149942e-01	2.218927462444408860e-02
5.200262319187862747e-01	-1.631465577530977207e-02
5.212468911617930134e-01	1.907292919685565913e-02
5.220063106615729920e-01	8.353148515959363252e-03
5.232145133695709216e-01	-3.454835370800357630e-02
5.239739328693509002e-01	-3.252860379892030807e-02
5.251821297782170994e-01	-3.782135563823563196e-03
5.259415550771289194e-01	-1.107225781184439928e-02
5.271248505142412943e-01	-3.922007441183883447e-02
5.279216338199155256e-01	-7.888773883123034736e-03
5.290551147152566802e-01	9.992446918622333030e-03
5.298518922217991811e-01	-3.801158139144544812e-02
5.310351876589115561e-01	1.653845077908622230e-02
5.317946071586915346e-01	1.790919517721767384e-02
5.330152606025664319e-01	1.847987243684778846e-02
5.337373278947157296e-01	3.720032450275545521e-02
5.349828828103444511e-01	2.647494894676460930e-02
5.356800370324762417e-01	5.197638962709971722e-03
5.369380484831137723e-01	-5.958541975550457614e-03
5.376103012334917386e-01	-6.820152740090068555e-03
5.388683126841291582e-01	-1.038968305032583750e-02
5.395654727053927902e-01	2.472934791730718729e-03
5.407985710860128137e-01	-6.987998992922461738e-03
5.415330891140389680e-01	-2.559095868184735334e-02
5.427412860229051672e-01	1.497748062774495459e-02
5.434882605859400195e-01	-7.133465745377209899e-03
5.446840067589292511e-01	-8.951800151069111422e-05
5.454309813219641034e-01	2.729739558564348023e-02
5.466142651608129066e-01	2.150669986292541580e-02
5.473612397238477589e-01	8.325174140487279217e-03
5.485569800977052601e-01	3.159425965815310100e-02
5.493039546607401125e-01	-2.302291101351161551e-02
5.504996950345976137e-01	-7.273337622737519048e-03
5.512466753967641964e-01	-7.150250370660526933e-03
5.524424099714899672e-01	1.610764539681652785e-02
5.531769337986478519e-01	5.231208213276605790e-03
5.543851249083823207e-01	2.168573586594679803e-02
5.551071979996633488e-01	5.270931826446956237e-02
5.563153891093978176e-01	1.182197107449578510e-02
5.570499129365557023e-01	-3.149914678154808190e-02
5.582456417121496317e-01	-1.947016532855905258e-02
5.589801713384393578e-01	6.260665230648720936e-03
5.601759059131651286e-01	-1.552018351190309620e-02
5.609228920744634417e-01	-3.555543122499793540e-02
5.621559788568200045e-01	-2.366632164936932625e-03
5.628531562754788276e-01	-1.734411279268188721e-02
5.640862430578353903e-01	-2.142277673650938574e-02
5.647834146773624830e-01	5.466192967241934042e-03
5.660289579947277439e-01	1.300248971941697640e-02
5.667261296142548366e-01	1.089881668391745606e-02
5.679965802025057631e-01	2.864576048339673164e-03
5.686813010861558881e-01	6.825747615184507566e-04
5.699642024102836713e-01	1.902257532100604109e-03
5.706489174948021770e-01	-8.409097266903531320e-03
5.719318246180616905e-01	-1.025540604805996736e-02
5.725916382308262609e-01	1.673427140739081054e-02
5.738994410267078683e-01	-1.512854225529425278e-02
5.745219024318416468e-01	-2.860100148264188569e-02
5.758670690336176179e-01	1.385850560886225935e-02
5.764895188404878246e-01	-4.436735949869918816e-02
5.778222347063869391e-01	-2.655887207318097243e-02
5.784197830415033215e-01	-2.039891459423170961e-02
5.797898569141648473e-01	2.061711472291372083e-02
5.803749545134043730e-01	9.936498167678387006e-03
5.817325718510572008e-01	-5.936162475172812591e-03
5.823425709220505508e-01	-3.318320418496656377e-02
5.836752867879495543e-01	-8.313984390298623239e-03
5.842977423939516024e-01	-9.729487789185253810e-03
5.856180017248419079e-01	3.099560802305001417e-03
5.862653704008613520e-01	-5.169664587238109732e-03
5.875607166617342614e-01	-3.121940302682757462e-03
5.882080795386218641e-01	-1.450191624471985907e-02
5.895034257994948845e-01	3.198590091476205544e-02
5.901383437396373610e-01	-1.611883514700529485e-02
5.914336900005102704e-01	2.735893921168219833e-02
5.920810644756614449e-01	-1.083727305787896000e-02
5.933639484023939259e-01	-9.046913027666692031e-03
5.940113228775451004e-01	5.108120961199613674e-03
5.952942126034094228e-01	7.625255266176189650e-02
5.959540378144374539e-01	-5.691666433546882509e-02
5.972369333394335067e-01	2.076817635046301902e-02
5.978967527513298075e-01	-1.506699862925564570e-02
5.991671917413171622e-01	2.006322208856681222e-02
5.998643749591077157e-01	-1.185554032506230815e-02
6.011099066782095157e-01	-2.688896970375143081e-02
6.018444537018944329e-01	-1.327104372394893872e-02
6.030650723509788369e-01	1.526281925756012292e-02
6.037747121037780884e-01	-2.535597392788213611e-02
6.050576018296424108e-01	-2.961367387473068380e-02
6.057049763047934743e-01	2.713514420790374970e-03
6.070003167665347643e-01	1.549780401152545117e-02
6.076850550475801915e-01	-3.195233166419553239e-02
6.089305809675501502e-01	-1.198981732732817829e-02
6.096526714562263694e-01	-3.085014127059604316e-02
6.108732901053107733e-01	6.092818977816438775e-03
6.116202936640043886e-01	-2.747083671357031243e-02
6.128409181122204119e-01	1.268917671412972403e-02
6.136003666076592644e-01	1.536352700925958104e-02
6.148085345208667007e-01	-1.116177581335497937e-02
6.155430873436833483e-01	8.845497524267775802e-03
6.167512552568907847e-01	-4.014882367751149150e-02
6.174733515446987342e-01	1.765742579796891754e-02
6.186939643946514078e-01	3.485607183819627863e-03
6.194409679533450230e-01	8.532184518980523436e-03
6.206491358665524594e-01	-2.838839622905420246e-02
6.213712321543604089e-01	6.512434609897255200e-03
6.226043015393216695e-01	1.458583937113600015e-02
6.233264036262614605e-01	-1.947576020365349159e-02
6.245470164762140231e-01	-1.305284359526670546e-02
6.252940258340393687e-01	-1.484879850057352346e-02
6.264772748780976785e-01	-1.566565026435784436e-02
6.272616480418173879e-01	-2.732536996111556427e-02
6.284199956141218735e-01	2.249139787954046454e-03
6.292417209854722637e-01	2.853386298150795142e-03
6.303627047518823856e-01	1.650488152851847801e-03
6.311968924573733153e-01	-1.670070215682439851e-02
6.323054254879065805e-01	-1.229753545752099164e-02
6.331520639292743668e-01	9.751867289562676788e-03
6.342356838897902360e-01	1.312557697149396851e-02
6.351196803379205447e-01	-1.672867653229637153e-02
6.361783988266825896e-01	4.051808543374257887e-02
6.370499445389359305e-01	1.512854225529403074e-02
6.381335644994517997e-01	1.003720591937784512e-02
6.389926652749601255e-01	-1.035051892466509749e-02
6.400638287004672966e-01	-1.237586370884269371e-02
6.409353744127206376e-01	-3.647858561557693058e-03
6.420314451091134744e-01	-4.302458947603948758e-03
6.429029966204986568e-01	-1.778051305004624272e-02
6.439741658451375583e-01	1.127926819033753247e-02
6.448332550223823123e-01	1.885472906817398098e-03
6.459044242470212138e-01	2.670433882563560957e-02
6.468008830292920619e-01	7.614625003496744426e-03
6.478471391839135674e-01	1.921280107421607930e-02
6.487435979661844154e-01	1.892186756930658298e-02
6.498147613916915866e-01	-2.315159314068315766e-02
6.507112201739623236e-01	-8.202086888410176080e-03
6.517823835994694948e-01	2.511539429882225782e-02
6.526912989167490409e-01	-5.499762217808490394e-02
6.537500058072475140e-01	-1.865331356477473168e-02
6.546215631177644267e-01	-4.136850644809364486e-02
6.557176280150254222e-01	-1.471452149830754230e-02
6.565642722555250499e-01	-2.728061096036027422e-02
6.576478864169090777e-01	-1.623073264889374201e-02
6.585194437274261015e-01	-2.845553473018713753e-02
6.596030578888101292e-01	-3.576244160349129064e-02
6.604497079284414873e-01	1.069180630542421184e-02
6.615831308324651161e-01	4.475900075529004596e-05
6.623924170662021105e-01	-2.071782247461328996e-02
6.635258457693574696e-01	-7.547486502363920380e-03
6.643475885381031620e-01	2.292220326181215739e-02
6.654810114421266798e-01	-1.903376507119491912e-02
6.663276614817580379e-01	-4.430022099756625309e-02
6.674610843857815556e-01	2.640781044563222935e-03
6.682952894886677875e-01	1.954849357988086567e-02
6.693913485867970525e-01	-8.134948387277352033e-03
6.702629058973139653e-01	-2.456150166447512717e-03
6.713465142595662627e-01	4.369597448736994849e-03
6.722429846401005715e-01	-1.801549780401157097e-02
6.732767784605817596e-01	1.437882899264275594e-03
6.741732488411160684e-01	-2.304529051388937155e-02
6.752194875983422717e-01	-2.293898788709558545e-03
6.761533217847709443e-01	-9.835790415979039913e-03
6.771746590702433233e-01	6.439701233669881120e-03
6.781084932566719958e-01	5.130500461577147675e-03
6.791547320138983102e-01	2.016952471536082037e-02
6.800387574576873817e-01	-4.757881780289263673e-02
6.810849962149136960e-01	5.337510840070391893e-03
6.819814665954480049e-01	-7.446778750664351243e-03
6.830277111518060495e-01	4.571012952135689034e-03
6.839490888032259130e-01	-1.075334993146281892e-02
6.849579753528214354e-01	-4.341063585755455811e-02
6.859291617468808999e-01	-8.263630514448783160e-03
6.868882395538368213e-01	-6.274652418384762953e-02
6.878594259478962858e-01	-1.322068984809920966e-02
6.888309486915974444e-01	-9.349036282765066375e-03
6.898021466839203697e-01	6.422916608386675108e-03
6.907736636284897980e-01	-2.161859736481386296e-02
6.917448558216809928e-01	-1.118975018882706340e-02
6.927163785653821515e-01	1.687973815984555870e-02
6.936751200226963787e-01	-4.221333258734993876e-02
6.947089022449139950e-01	5.124905586482819686e-03
6.956178407587204626e-01	1.115618093826054036e-02
6.966765302518237446e-01	-3.872213052843598291e-02
6.976103644382523061e-01	2.575321005958541853e-02
6.986067886537074001e-01	-1.134640669147057856e-02
6.995779866460303253e-01	-3.558340560047001944e-03
7.005619601256084517e-01	-2.143956136179259175e-02
7.015331523187996465e-01	-2.416986040786772705e-03
7.024922185274921071e-01	-8.224466388788709281e-04
7.035132310615862528e-01	-1.836797493495967437e-02
7.044722914711469830e-01	-8.901446275211943870e-03
7.054808532693642720e-01	-1.781967717570698273e-02
7.064150064080393365e-01	-3.083335664531294817e-02
7.074609320121508782e-01	-2.883039136151299697e-02
7.083701778799403881e-01	-6.691470612918526406e-03
7.094285542199288974e-01	-2.179203849274069515e-02
7.103004362818240436e-01	-1.932469857610430441e-02
7.113588126218125529e-01	0.000000000000000000e+00
7.122556077537250951e-01	-1.676784065795733358e-02
7.133264348295904611e-01	-3.232718829552128081e-02
7.142232241623712730e-01	-5.684393095924278327e-03
7.152566932314741166e-01	1.435085461717067190e-02
7.161783956342723245e-01	1.305843847036114447e-02
7.172243212383838662e-01	-3.245587042269282296e-02
7.181460178420503437e-01	-1.365149523036901513e-03
7.191794927102849178e-01	-1.755112317117524245e-02
7.201011835148195539e-01	-2.825971410188266031e-02
7.211471091189310956e-01	-3.636668811368792831e-02
7.220688057225975731e-01	-1.323747447338241567e-02
7.230773733199465925e-01	-3.415111757630007183e-02
7.240488786662524490e-01	-3.119702352644970755e-02
7.250325447918475330e-01	-5.742020309396589361e-02
7.259915936031448025e-01	-1.779170280023512074e-02
7.269628031937312995e-01	-3.424623045290520196e-02
7.279343085400371560e-01	1.393123898508985548e-03
7.288930673947466854e-01	-1.087643718353992206e-02
7.298770234769295095e-01	-1.352840797829191199e-02
7.308357823316390389e-01	-1.360673622961372509e-02
7.318446456847075288e-01	-1.090441155901200609e-02
7.327784972685313925e-01	-1.785324642627350578e-02
7.338122678924854370e-01	-3.860463815145265265e-03
7.347087614695467783e-01	-3.674713962010811574e-02
7.357798843011316148e-01	-2.880241698604091294e-02
7.366514764064391318e-01	1.096036030995595212e-02
7.377226050371558097e-01	-1.039527792542027651e-02
7.385941913433314854e-01	-1.715948191456628802e-02
7.396777707099250199e-01	-4.237558396508800396e-02
7.405244555443468712e-01	-4.827817718969418248e-02
7.416453929177030391e-01	1.479844462472379440e-02
7.424671704812392248e-01	-4.517861638738918106e-02
7.436130151254809473e-01	-2.965283800039164586e-02
7.444098854181315783e-01	-2.390690127842898249e-02
7.455432793264964442e-01	-4.859708507007576284e-02
7.463401496191470752e-01	-2.072341734970772897e-02
7.474984392001339240e-01	-1.871485719081333876e-02
7.482828645560394287e-01	4.587797577420005268e-04
7.494287034011493098e-01	-3.544912859820403828e-02
7.502255736937999409e-01	7.172629871038171956e-03
7.513714183380416634e-01	-3.542674909782639325e-02
7.521932017007096904e-01	-3.722270400313310024e-02
7.533141332749340169e-01	-2.965283800039164586e-02
7.541732746443645663e-01	-1.366827985565222114e-02
7.552692989477033381e-01	2.997734075586766522e-02
7.561408968521425855e-01	-3.383780457101293049e-02
7.572120196837274220e-01	-2.701205695582842292e-02
7.580960625249119067e-01	-7.765686631045931598e-03
7.591422780856110775e-01	-5.259182588748689824e-03
7.600387832609359906e-01	-3.651774974123700446e-02
7.610725422866265744e-01	2.948499174755925267e-03
7.619690474619513765e-01	-1.340532072621480886e-02
7.630152514243870865e-01	-1.742244104400370031e-02
7.639117565997119996e-01	-1.310879234621098455e-02
7.649579721604112814e-01	-4.977200883990273717e-02
7.658793788074899078e-01	-2.664839007469166354e-02
7.668882305622949369e-01	-3.239992167174876592e-02
7.678470068143996574e-01	-6.328922706800577114e-02
7.688558527700728451e-01	-5.478501692449710969e-02
7.698146232230458352e-01	-1.602372227040038677e-02
7.707985619078334683e-01	-5.482418105015807175e-02
7.717947019658325525e-01	1.272834083979068609e-02
7.727412826438575522e-01	-9.505692785408581535e-03
7.737623241736104607e-01	-3.983551067222435016e-02
7.746715410457412077e-01	-2.022547346630487741e-02
7.756925883746259576e-01	-1.046801130164776161e-02
7.766267125176422592e-01	1.926315495006569734e-02
7.776726555191491030e-01	-2.098078160405070225e-02
7.785818781904115804e-01	-6.215906229893430890e-03
7.796402835260588526e-01	-2.390130640333454348e-02
7.805245931273039339e-01	-1.671748678210771555e-02
7.815829984629512062e-01	1.010993929560521920e-02
7.824673080641962875e-01	-3.516378996838898097e-02
7.835257133998435597e-01	-2.171371024141888206e-02
7.844100230010886410e-01	-2.004643746328360621e-02
7.854933356076214679e-01	9.164405404649356157e-03
7.863527321388492641e-01	-6.960024617450377704e-03
7.874609578153994871e-01	-2.278792625954617623e-02
7.882954528748733480e-01	-1.473130612359074831e-02
7.894410307590543630e-01	1.513973200548290876e-02
7.902257112767570035e-01	-2.481886591881832249e-02
7.914086529668322711e-01	-3.804515064201197116e-02
7.921684262136493571e-01	7.390829999720294197e-03
7.933762751746102904e-01	-3.480012308725211057e-02
7.941360484214272653e-01	-2.276554675916864223e-02
7.953439031815200400e-01	-5.150642011917083707e-02
7.961161213650822521e-01	-9.158810529554917146e-03
7.972990688542892501e-01	-1.638738915153725717e-02
7.980588363019746057e-01	-1.091000643410611204e-03
7.992417837911816036e-01	-1.517889613114387082e-02
7.999890947038582611e-01	-4.258259434358135920e-02
8.012218567348365905e-01	7.771281506140370610e-03
8.019442661757593127e-01	2.646375919657550924e-03
8.031894789426144987e-01	-2.438806053654851702e-02
8.038994318485285229e-01	-1.018267267183270430e-02
8.051571011503925179e-01	-3.398886619856211766e-02
8.058421467854208764e-01	-1.492712675189533655e-02
8.071371798931791242e-01	-4.564299102022550958e-02
8.077724051873045319e-01	-5.155117911992612711e-02
8.091172528368340000e-01	-3.170056228494699813e-02
8.097151259233287268e-01	-1.592860939379536767e-02
8.110848750446120192e-01	2.439365541164306705e-03
8.116702915960979370e-01	-2.033177609309866352e-02
8.130524972523899274e-01	-6.008895851400075649e-03
8.136379138038759562e-01	-1.451870087000317611e-02
8.150325701960449143e-01	-5.051053235236524497e-02
8.156055360116538644e-01	-2.602735893921181987e-02
8.170001982029545529e-01	-1.071978068089629588e-02
8.175731582194318836e-01	-1.416062886396063369e-02
8.189429073407151760e-01	3.105155677399507042e-02
8.195532311630867595e-01	1.505021400397099640e-03
8.208980788126162276e-01	-7.284527372926397071e-03
8.215083968358560806e-01	2.200464374632837838e-02
8.228283430136316134e-01	7.525107001986164335e-03
8.234511117727484342e-01	-3.838084314767675753e-02
8.247586014155152689e-01	-1.554256301228074122e-02
8.253813701746320897e-01	7.088706744621919853e-03
8.267013221515394639e-01	-1.336056172545951881e-02
8.273240909106561736e-01	-3.010042800794465734e-02
8.286440370884318174e-01	2.467339916636390740e-03
8.292668000484167967e-01	-7.368450499342649174e-03
8.305867462261923295e-01	-1.883234956779589186e-02
8.311970642494321826e-01	-5.896438862002406633e-02
8.325543742331020791e-01	1.733292304249300919e-02
8.331397791863245361e-01	-4.278400984698027543e-02
8.345219906417482569e-01	2.032618121800422450e-02
8.350700375882081916e-01	-6.215906229893430890e-03
8.364647113777724519e-01	-8.280415139732100194e-03
8.370376597959862108e-01	-5.110918398746755464e-02
8.384323277864186297e-01	-3.562816460122530948e-02
8.390177385387728171e-01	-1.524603463227691691e-02
8.403625919874340156e-01	-6.680280862729759406e-03
8.409853549474189949e-01	-2.325230089238250475e-02
8.423053127234580995e-01	-3.776540688729124184e-03
8.429529829543287445e-01	-1.444596749377569100e-02
8.442480218612187226e-01	-1.632025065040421108e-02
8.449205993629750333e-01	1.592860939379514562e-02
8.462031933331197742e-01	2.797437547208403430e-05
8.468882157716212111e-01	-2.498111729655638769e-02
8.481583648050208257e-01	-1.278428959073496518e-02
8.488184799726365970e-01	-2.251377737991999695e-02
8.501010739427814489e-01	-2.941785324642631760e-02
8.507611949095289505e-01	-2.923322236831071841e-02
8.520687019496911985e-01	1.756790779645855949e-03
8.527039098464213041e-01	-1.010434442051078019e-02
8.539989603515748540e-01	5.650823845357644259e-03
8.546590755191906252e-01	-1.218004308053832752e-02
8.559416752884672075e-01	3.860463815144044020e-04
8.566017962552147091e-01	-1.860295968892489160e-02
8.578843960244912914e-01	-3.916412566089544356e-03
8.585320546570983646e-01	1.338294122583705281e-02
8.598271051622519145e-01	-1.067502168014100583e-02
8.604747695939907182e-01	-2.970878675133581392e-02
8.617698258982759985e-01	-3.463227683441971738e-02
8.624050279958743737e-01	-1.842951856099805941e-02
8.637374423069221763e-01	-1.037289842504263149e-02
8.643477487318984576e-01	-6.221501104987869901e-03
8.657050645147001955e-01	-1.254370996167508689e-02
8.662780071337821131e-01	-3.950541304165389178e-02
8.676602359866012470e-01	1.609645564662764983e-02
8.682207220706744666e-01	-4.613534002853392213e-02
8.696403089302561229e-01	5.264777463843017813e-03
8.701634312084350897e-01	-3.542115422273195424e-02
8.715830296662802068e-01	-1.403194673678920257e-02
8.721061519444591736e-01	2.678826195205186167e-02
8.735257388040408300e-01	-2.227319775086022968e-02
8.740737683531054625e-01	-2.607211793996699889e-03
8.754684595400649139e-01	8.548969144263951492e-03
8.759915818182438807e-01	-2.037653509385406458e-02
8.774111744769572674e-01	-4.715360729571727028e-02
8.779467474910132019e-01	9.891739166923096960e-03
8.793538836147178905e-01	-2.741488796261792871e-04
8.798645551570198897e-01	1.713150753909409296e-02
8.812716970798563088e-01	1.683497915909026865e-02
8.818072700939122432e-01	1.781967717570709375e-02
8.832517758226430260e-01	-5.499762217808568110e-03
8.837375342949277401e-01	5.964136850644674581e-03
8.852069414954122362e-01	3.275239880269675830e-02
8.856802434326882523e-01	-3.556102610009226339e-02
8.871745637031902554e-01	-4.120625507035557966e-02
8.876105076337037492e-01	-5.594875094439011320e-06
8.891421859109681636e-01	-4.179371695526845620e-03
8.895532167714643723e-01	-4.085937281450191527e-02
8.910849008478605171e-01	-1.860855456401933061e-02
8.915083882433653129e-01	-1.167090944694659793e-02
8.930151592497442836e-01	-1.086524743335104404e-02
8.934760104511433321e-01	-5.094693260972948945e-02
8.949454234507596695e-01	6.596357736313507303e-03
8.954311819230443836e-01	-1.979466808403507194e-02
8.968881383876520230e-01	-9.942093042772826017e-03
8.973614403249280391e-01	-7.267742747643080037e-03
8.988183967895356785e-01	2.059473522253618682e-02
8.993041552618203927e-01	2.131647410971604373e-03
9.007611175255597624e-01	4.694100204212903193e-03
9.012468701987127462e-01	1.338853610093160285e-02
9.027038324624521159e-01	-2.351526002182002806e-02
9.031771343997281321e-01	-4.917895207989475548e-02
9.046589981352214371e-01	9.611995412202478661e-03
9.051198435374887552e-01	-2.969200212605260791e-02
9.066017188712455210e-01	-3.901306403334547923e-02
9.070999222802753614e-01	-2.966402775058052388e-02
9.085568845440148422e-01	-2.908775561585597025e-02
9.090675386889216503e-01	1.060788317900818178e-02
9.104871487450302281e-01	2.158502811424733991e-02
9.110351608966995585e-01	-2.121017148292170251e-02
9.124298636819225816e-01	-2.016392984026627033e-02
9.130027831044775777e-01	7.273337622737408026e-04
9.143974800905687594e-01	1.150306319411420475e-02
9.149704053122554859e-01	1.371303885640751119e-02
9.163402008265928433e-01	-3.918650516127231143e-02
9.169255767841565374e-01	-3.993062354882925824e-02
9.183078172352391322e-01	-2.952975074831454272e-02
9.188682859219171606e-01	4.750048955157071262e-03
9.202505379712632161e-01	-2.288303913615119534e-03
9.207985501229325465e-01	-3.643942148991530239e-02
9.221808021722786020e-01	-2.488040954485692957e-02
9.227412592606931696e-01	-2.518253279995530391e-02
9.241235113100392251e-01	-8.045430385766660919e-03
9.246839799967172535e-01	9.293087531820898306e-03
9.260662320460633090e-01	2.300053151313408151e-02
9.266142383986009090e-01	-3.440848183064326715e-02
9.280089469829556625e-01	-4.738859204968304262e-03
9.285694098705019606e-01	-3.871653565334143288e-03
9.299890199266105384e-01	-4.168181945338078620e-02
9.304996682723856161e-01	-2.407474753126137568e-02
9.319317348635028919e-01	-3.410076370045045380e-02
9.324423832092779696e-01	-1.342770022658701379e-04
9.338619932653866584e-01	-9.130836154082833112e-03
9.343850981461703231e-01	-2.709598008224478605e-02
9.358047140014107423e-01	-2.018630934064391536e-02
9.363153623471858200e-01	-6.064285114834822021e-02
9.377723362091886505e-01	1.626989677455448202e-02
9.382456207490694755e-01	-3.002209975662295527e-02
9.397399584169666698e-01	3.015637675888749314e-03
9.402132371577156533e-01	-8.330769015581829251e-03
9.417075806247445779e-01	-2.775058046829104175e-02
9.421933159005022596e-01	-1.510616275491649674e-02
9.436627462975138991e-01	4.649341203457613148e-03
9.441484815732715807e-01	-2.686659020337367476e-02
9.455930104985292850e-01	-1.852463143760318953e-02
9.460787457742869666e-01	-2.124933560858255355e-02
9.475357254354216385e-01	-1.737768204324841026e-02
9.480214549120475898e-01	-1.083167818278452099e-02
9.494784403723139921e-01	2.293898788707782188e-04
9.499392683771861190e-01	1.759028729683609349e-02
9.514211553092063456e-01	4.682910454024247215e-03
9.518819775149467421e-01	-1.017707779673826529e-02
9.533638702460986991e-01	1.630346602512089405e-02
9.538246982509708261e-01	2.509860967353905181e-02
9.553190417179997507e-01	-2.701765183092286193e-02
9.557674073887314492e-01	-2.047164797045908369e-02
9.572866639257777699e-01	-1.962682183120267876e-02
9.576976715897468351e-01	1.952611407950222144e-03
9.592667368694326457e-01	-9.237138780876841260e-03
9.596403807275074582e-01	-2.321313676672176474e-02
9.612219083413336973e-01	-2.088566872744568315e-02
9.616080087344170968e-01	-4.159789632696453410e-02
9.631521667432173528e-01	-7.368450499342649174e-03
9.635756251430633856e-01	-8.062215011049866931e-03
9.651197889509952610e-01	-2.950177637284245868e-02
9.655432473508412938e-01	-2.164097686519150798e-02
9.670625038878876145e-01	-4.727669454779537261e-03
9.674984188227423454e-01	-2.930595574453798147e-02
9.689927680889031114e-01	-1.724340504098242910e-02
9.694286772246260009e-01	-2.270400313313003515e-02
9.709230322899184973e-01	-9.091672028422093099e-03
9.713838486965270524e-01	-1.506140375416120669e-02
9.729031052335733731e-01	-2.104232523008930933e-02
9.733141012992789776e-01	3.547150809858123921e-03
9.748582767054744247e-01	1.219682770582153353e-03
9.752443655002943634e-01	-1.695806641116737179e-02
9.768134365791120155e-01	-3.104036702380619239e-02
9.771995311730636846e-01	-7.776876381234809621e-03
9.787810645860216541e-01	-1.291297171790639631e-02
9.791173446382022139e-01	-3.116345427588318451e-03
9.807611375296766409e-01	1.098273981033370816e-02
9.810476030400858694e-01	1.673427140739081054e-02
9.827038524665689945e-01	-4.626961703079968125e-03
9.830152252478637775e-01	2.864016560830262570e-02
9.846465732025930784e-01	1.081489355750120396e-02
9.849579401847561311e-01	-1.357316697904720204e-02
9.866017388753622885e-01	-2.335300864408207389e-02
9.869006551216484846e-01	-2.844993985509280954e-02
9.885320030763777854e-01	2.175287436707984412e-02
9.888558207944178058e-01	-3.905222815900666333e-03
9.904622614782614409e-01	-1.875961619156851778e-02
9.908234372030639836e-01	-3.425742020309407998e-02
9.923925198801450964e-01	-1.141914006769806367e-02
9.927661579390880675e-01	2.041010434442047661e-02
9.943352406161691803e-01	-5.768316222340308386e-03
9.947337743477343563e-01	-2.360477802333060815e-02
9.962779497539298035e-01	2.594343581279545674e-02
9.967138530905209626e-01	-5.634039220074438248e-03
9.982455777608395531e-01	1.733851791758733718e-02
9.986814752982989818e-01	-3.582958010462411469e-02
