1.404404732648276404e-03	1.100691020671096254e-02
1.547562099140091692e-03	-1.265674421713502973e-02
1.573924952096090752e-03	-2.173659994293086761e-03
2.166915169653433389e-03	-3.807829754333913463e-03
6.276110341317630084e-03	-4.188347218945898121e-03
6.859015868753881758e-03	5.777518744710663512e-03
7.339700100753398897e-03	-1.618444696430976215e-02
7.805521158066108106e-03	-3.301868732310309085e-03
7.863402292107864178e-03	-5.064415424498203144e-03
8.886345937076278040e-03	4.132084297812310680e-03
9.146947319860414954e-03	-1.497130086838360796e-02
9.556076065141042020e-03	-1.051839694663048164e-02
1.041818079089813949e-02	-1.466122218291121548e-03
1.154299778339801762e-02	-1.264983292968391293e-02
1.178863740625551992e-02	-1.815173124600333310e-03
1.184351459004844009e-02	2.708748208271494207e-03
1.279059399340436338e-02	-7.416791463242589089e-03
1.324882978638217482e-02	1.312791033456939260e-03
1.357100635013569132e-02	-1.618686086109821787e-03
1.373148572317822551e-02	-7.945882468870513193e-03
1.427411048144765562e-02	9.534683191842807659e-03
1.440218430624599227e-02	-7.856151538247257982e-03
1.523202846205275532e-02	-5.577266868847408077e-03
1.731402694542491169e-02	1.935683279444599947e-03
1.910595285843651181e-02	-1.127190187419913059e-04
1.930146478640803673e-02	-6.536191667292357010e-04
1.987149624134927628e-02	-6.978242890457120318e-03
2.145329641436799148e-02	1.575386611491991218e-02
2.151691868884671177e-02	-8.276135678938589813e-03
2.288065990963237054e-02	-2.238583859852560920e-02
2.311716589997652241e-02	5.956877126747750495e-03
2.312317380047419421e-02	1.121997102760508014e-03
2.424155955585832051e-02	-1.330955175223191844e-02
2.575706405465948493e-02	7.167269926654284973e-03
2.579790733960649063e-02	-1.017676541471235208e-02
2.711849722100684659e-02	-9.028410796519947823e-04
2.736138805541271299e-02	-9.616402884490282688e-04
2.884602377588462233e-02	1.091007297996737790e-02
3.228167878992134476e-02	-4.432399046304136281e-02
3.245293294976375753e-02	1.837131285192583618e-03
3.295189604505348313e-02	7.573377766517896958e-03
3.357982603143174621e-02	2.528150680379948056e-02
3.426913402829973726e-02	1.368160137951868194e-02
3.438244906278284385e-02	-4.881766212308957797e-03
3.500144258712740986e-02	-7.139566431171084915e-03
3.501367295599766560e-02	-5.578182765608619142e-03
3.570589791613817260e-02	1.379737876271791563e-02
3.636647701429432389e-02	1.664742266063989895e-02
3.794448455514558283e-02	1.099359453799952924e-02
3.863623978561397249e-02	-1.156343223985811797e-02
3.890558625908391299e-02	6.360735817332319186e-03
3.904978746929153866e-02	-8.896148150429383783e-03
4.049352191349889912e-02	1.187224578507128925e-02
4.144828516642954513e-02	7.197325760019079866e-03
4.183371286022949387e-02	-2.340174701424113657e-03
4.239759723551095316e-02	-1.725201055203939848e-02
4.288935201002982978e-02	-1.486052002983595521e-02
4.361045664630779084e-02	4.863528940942662970e-03
4.385685015629337685e-02	1.192024331555652239e-02
4.539496546980537756e-02	1.932176581483924238e-03
4.564222305042238415e-02	6.066397814102009178e-03
4.724311396517694162e-02	2.015303040552240965e-02
4.727667354064028771e-02	5.457791715124393761e-03
4.953080765188153795e-02	3.229758730669551881e-04
5.013420731093822663e-02	-9.081782398376869736e-04
5.074480369250226192e-02	-3.902488639150325511e-04
5.085894800282626804e-02	1.190691561760881534e-02
5.260950870903295662e-02	-3.440020698813051059e-02
5.386658070032616930e-02	-9.173795297415243688e-03
5.497787991670628760e-02	6.196318521914268018e-03
5.543225928706734668e-02	1.203936158575480420e-02
5.586102389246874050e-02	3.484073247894237113e-03
5.602342857725377268e-02	1.313239922362541279e-02
5.603853531547427214e-02	2.172506071546065343e-03
5.677726931228593843e-02	-1.254661255154376764e-02
5.760604062871812342e-02	1.004379269258537377e-02
5.906825110669534223e-02	3.119729232150225684e-02
5.915331277127048454e-02	1.096780174854239398e-02
5.959354805928230442e-02	3.005521949202671905e-03
5.960014167208717989e-02	1.006872463057462141e-02
5.961909903379267184e-02	-1.534673799126640148e-02
6.180908314956554128e-02	-1.233404462453979722e-02
6.282808338494089151e-02	-7.892794171568628947e-03
6.366715975850083253e-02	2.189213144111024079e-03
6.437186445017703540e-02	-2.797202527741116107e-02
6.605840274181394578e-02	1.562991411379677231e-02
6.930751128557161023e-02	-9.588022122421602234e-03
6.942027540253804807e-02	-1.884585257406801162e-02
7.028755875295192301e-02	5.519561871105471695e-03
7.028894474544124249e-02	-1.213708057466278412e-02
7.045442876918792119e-02	1.120498984515339025e-02
7.097959234174452958e-02	1.165269776192334739e-02
7.119559840133649065e-02	1.043868269803827076e-02
7.168528288581900443e-02	-2.986984539470927125e-02
7.180173525058129724e-02	3.714143697704841429e-03
7.386327439712354892e-02	-1.844336295631199274e-02
7.407824821126320070e-02	1.067211628158770687e-02
7.423376352752387997e-02	-5.226966100519869762e-03
7.427374854097122669e-02	1.161719807853600628e-02
7.502458532575455308e-02	2.644755365284501281e-02
7.679169095485685603e-02	-2.380512658944899940e-03
7.759253945189106827e-02	-7.714137126614839524e-03
8.099541197411955218e-02	-6.427679926911955555e-03
8.126776819697008325e-02	-8.855252057591078696e-03
8.167500642529873511e-02	-1.284560153544278549e-03
8.256280710386006139e-02	-5.065496372593447649e-02
8.295956630110831731e-02	1.043691446758931995e-02
8.409690361906618783e-02	3.302475934426007953e-03
8.477536723955324260e-02	2.228321511410502609e-04
8.530245032472058564e-02	1.824859103260356719e-03
8.549414062486589139e-02	2.332665438523395807e-03
8.565997839564959415e-02	1.380578200328885785e-03
8.566238503532770665e-02	-1.025498282846770692e-02
8.602374053321469594e-02	1.073699954453344318e-02
8.742337837956075386e-02	3.096335818913997784e-03
8.826315064893124063e-02	1.459108978856615835e-02
9.004709695664864233e-02	5.199916843535934419e-03
9.196522937403363296e-02	-1.545027960991540716e-03
9.295075122179019544e-02	-5.565085361681210152e-03
9.471851215278075109e-02	3.872885153790139867e-03
9.648963078105718405e-02	7.178772670515254362e-03
9.696387217767743483e-02	-1.275040557913420525e-02
9.799209883167420143e-02	6.183066212064769473e-03
9.984356443040935669e-02	-1.629761579344812805e-02
9.993864119552453573e-02	1.263329795882595086e-02
1.006498931069515906e-01	-5.737224727188072748e-04
1.009500909613555153e-01	-5.885601639239346206e-03
1.011847064347476954e-01	-1.944552961082790521e-02
1.012313082575269224e-01	1.036709498165144794e-03
1.055353020639568373e-01	-1.834387609663812313e-03
1.055708217459532111e-01	-1.927843742783119652e-02
1.072536775889260108e-01	-7.521462178262328102e-03
1.079642568010695247e-01	4.852052638915305138e-03
1.090691073829386376e-01	-1.228110018092443134e-02
1.123501807409271608e-01	1.112592096383302476e-02
1.124467362846397339e-01	-1.526547647271625507e-02
1.135451614285248323e-01	-1.856314188449126323e-02
1.157958856502944445e-01	-2.124912349234275855e-02
1.167231494204452047e-01	-7.496141104807341193e-03
1.167619978040686651e-01	6.189275314528064342e-03
1.169730050120882381e-01	-8.809972272120991654e-03
1.176876204199329007e-01	1.328653741496710339e-03
1.180400336566544278e-01	7.131834880159670931e-03
1.184966804875315083e-01	7.620243329902631757e-03
1.206967608916889728e-01	-8.216031385282929200e-03
1.209397677087299255e-01	-1.112625219672924715e-03
1.223102939136683637e-01	-2.265718629142388085e-02
1.226574009448345159e-01	-1.740560154453330011e-02
1.237594911399884645e-01	5.220192579116211817e-03
1.242662714648832822e-01	-3.513718976690838325e-03
1.244717984933948474e-01	-2.115851205583774153e-03
1.254452523479702708e-01	9.388433760191272626e-03
1.262033844405007765e-01	-8.711554637021778902e-03
1.274674037916359026e-01	2.869674109132813733e-02
1.297491011761063295e-01	1.578511376127633703e-02
1.308727641413870435e-01	3.630391579099168098e-03
1.333226421458700017e-01	-2.558384515292666528e-03
1.345250167264546992e-01	-1.944291054760638460e-02
1.347368590094469298e-01	8.040738846068595791e-03
1.371207660910905846e-01	-1.469770360091882111e-04
1.381940461996881420e-01	8.478314639768003147e-03
1.389326468164694406e-01	2.967646773100574009e-03
1.401819885651338915e-01	-4.549557486822619623e-03
1.411302973844217878e-01	1.842685791151144059e-02
1.412704681980600230e-01	5.097525997576735080e-03
1.434250370162080956e-01	-5.087965842902497648e-03
1.435612644202532706e-01	-2.962445297779769948e-02
1.449390685355436137e-01	-1.476796628917098619e-02
1.451283232003520440e-01	-7.534533815337640661e-03
1.480677175144966273e-01	-3.163609412414003508e-03
1.491052343775641220e-01	-4.114878677122457695e-03
1.491910673266626242e-01	-1.182731724977570398e-02
1.492029091537053209e-01	-9.720191538048705837e-03
1.496846314302889003e-01	1.085327853769202378e-02
1.503430706488276258e-01	7.911508305913139694e-03
1.505892379926747904e-01	2.359992013061917859e-03
1.517375878618344720e-01	4.279422090819551272e-03
1.519797016125852274e-01	-3.672118283198133604e-03
1.539195749749178721e-01	4.493761790874684081e-03
1.547307575247386102e-01	-8.627097577493691993e-03
1.558831783843899754e-01	-3.265974563459228541e-03
1.562188379294727203e-01	-2.564180100372115412e-02
1.576749999130299951e-01	4.465544412396882379e-03
1.589873956212612127e-01	8.347170556675553854e-03
1.607682335943582119e-01	2.855671533780923532e-02
1.613595072689162080e-01	8.396765534577577128e-03
1.633680945434080323e-01	1.498336388971033273e-02
1.637126499566022020e-01	5.350929972259166334e-03
1.645294866598835948e-01	-3.566652219324084605e-02
1.676248718190927189e-01	1.391942617392172288e-02
1.679904548840287504e-01	6.771062410855233082e-04
1.682468460971591195e-01	3.456716028388040485e-03
1.684705418054575632e-01	-4.286296843776016274e-03
1.701822541280407775e-01	7.627389359807335012e-03
1.704059788319979840e-01	-1.610325458025363421e-02
1.711219860314637520e-01	-2.602770364352424703e-02
1.714621978949737724e-01	1.497887669534803123e-02
1.726944959954117287e-01	8.406216707947944400e-04
1.731573247007391070e-01	-7.501443043695488200e-03
1.735940167192489281e-01	1.017692520812985002e-02
1.751997441098867569e-01	1.086929238528733244e-02
1.753362208765973651e-01	-6.816919493892736881e-04
1.753881347040637251e-01	5.226395739737155210e-03
1.773815746464127707e-01	9.157062654733705287e-03
1.782718051611792420e-01	5.645892266269436632e-03
1.797115498027395120e-01	-5.956284465168160125e-03
1.801846603686676207e-01	-2.557465837188965807e-03
1.802838777138555393e-01	6.753550930376217565e-04
1.810142783583359727e-01	-9.522119147586938226e-05
1.831373868867158250e-01	1.496635004941149205e-02
1.839636877730206066e-01	9.665981721005412197e-03
1.845741217788955113e-01	9.952442865008181982e-03
1.862577025133376196e-01	-7.086343534343453321e-03
1.886062986817280684e-01	-2.865818545318976618e-03
1.889672076464699313e-01	-1.785293405867083294e-03
1.897451611713373565e-01	1.679210163726319038e-02
1.899005547058311982e-01	-7.196261224118649658e-03
1.900600772221342216e-01	-8.641067728315410257e-03
1.940827377497576500e-01	-1.182121928843393732e-02
1.947671512794248161e-01	2.098573696116323717e-03
1.982423795685543111e-01	4.850294184862935509e-03
1.989090419559209344e-01	-5.158797010037852182e-03
2.006266403972349899e-01	-1.293298698990863471e-03
2.009612387012066625e-01	8.682030450401834187e-03
2.010111518282177434e-01	1.694580245834353960e-03
2.013066349885052342e-01	-4.894926593883575094e-04
2.020520727816251250e-01	5.068365956070408629e-03
2.025541152158764902e-01	2.625911089068067028e-03
2.031669210666390002e-01	-4.294183753963731753e-03
2.034889468529668954e-01	-9.941984895665778588e-03
2.051990760125811386e-01	-2.011370395589151538e-02
2.054264077764896557e-01	1.606891258804599154e-02
2.069207686409138824e-01	2.184354066993599019e-02
2.081973953044833070e-01	9.990581808721143986e-03
2.086895734156202498e-01	1.516875844640708237e-02
2.089926476393744181e-01	1.165980685560841223e-03
2.095873717973263661e-01	1.716011912406933959e-02
2.096735468951983761e-01	2.171244651125592284e-02
2.097777108997728734e-01	8.518162785428939898e-03
2.108403727981279230e-01	9.049807747141702663e-03
2.121446845166933548e-01	-3.687901770708323923e-03
2.127337661194481644e-01	1.416169692004176639e-02
2.130877045278211368e-01	-2.174588372016150739e-02
2.165955413348062131e-01	6.063803277539969727e-03
2.170314736670561906e-01	9.273159886002968477e-03
2.173583707240578922e-01	-6.829882579712176494e-03
2.186340869239418450e-01	1.611355285294591155e-02
2.199113282954772430e-01	1.148657742331171683e-02
2.210610177640721929e-01	-1.043063041194991492e-02
2.228741742984370611e-01	8.008893862872401570e-03
2.229180389310281840e-01	3.190576604117367765e-03
2.237299579705817609e-01	1.444494874874102663e-02
2.239257540560092574e-01	1.309684761635576677e-02
2.242610134610009409e-01	1.227847930214687189e-02
2.250507740181205418e-01	-1.637996305980382594e-03
2.267333225071103409e-01	-5.564169452854761388e-03
2.269126548574867674e-01	-8.988432016401315394e-03
2.273807955675012926e-01	4.673816581344247822e-03
2.282809715932267447e-01	1.934060382687241564e-02
2.284234446621715153e-01	3.651560052845725934e-03
2.288773195080699430e-01	2.613629244835546928e-03
2.290942824244014131e-01	4.317536865216342612e-02
2.317942015927435262e-01	1.388468738899262256e-02
2.325520263312910452e-01	5.315558829837474519e-03
2.326419940613305148e-01	-1.022203591273251888e-04
2.345865009299349935e-01	8.508409597261179513e-03
2.356486409064321441e-01	1.713594896269587942e-02
2.363954762903048568e-01	4.036830313857597829e-03
2.383862080381245474e-01	-1.184815925144477866e-02
2.389112150341237695e-01	2.166671338256476176e-02
2.392494377954420270e-01	3.282274764520032306e-04
2.393510269855175232e-01	7.871684130129175117e-03
2.402646917917039548e-01	5.063089467524095610e-03
2.410054612837614629e-01	-7.097639434526792357e-04
2.416757713250016759e-01	2.168289853562943570e-02
2.418320057335998918e-01	1.969968230004792709e-02
2.420295995498712993e-01	-2.198218887504810315e-02
2.423569953322038673e-01	2.435073641627671925e-02
2.424940056190359183e-01	2.189213144111024079e-03
2.429916233157586036e-01	-1.543062259105998368e-02
2.436155750977532508e-01	2.492942733925085363e-03
2.438643810465487283e-01	-4.383411537378423262e-03
2.449461742805618958e-01	-9.864563500292966580e-03
2.462646416797401039e-01	-7.663504165234313881e-03
2.464114698966325123e-01	1.039291070364045666e-03
2.468850675896280267e-01	1.131331214170394617e-02
2.475078305496130060e-01	-1.112625219672924715e-03
2.481888747837308340e-01	1.238253412131329334e-02
2.485708171993463167e-01	1.879546708160528823e-02
2.486146296397516442e-01	2.153479512754064018e-02
2.486914043450495770e-01	1.061002959860779526e-02
2.497116919876744279e-01	8.977133691482341860e-03
2.502855218739148957e-01	-1.635421631576705614e-03
2.507405565461641728e-01	1.178604234508395798e-02
2.511703997900719409e-01	1.819613462356017841e-02
2.517221117878006842e-01	4.844185894695485217e-03
2.527661874688825194e-01	1.139062577738880755e-02
2.532369435873182972e-01	7.504336234512631876e-03
2.534869615546505028e-01	-1.216137341441492214e-02
2.539138878352856787e-01	1.624832781444585095e-02
2.547332819556708539e-01	-4.450716824925371462e-03
2.552715805616513900e-01	-6.764476267078434191e-03
2.554598203784027577e-01	2.382630589362833007e-02
2.559628486650524226e-01	9.412326847350271919e-03
2.560212111270298019e-01	1.753894537592781688e-04
2.617600029156333385e-01	1.152030239661616662e-02
2.642336747577050948e-01	7.904453092482777166e-03
2.648041991388454530e-01	1.642505984794673246e-02
2.655457341162945628e-01	-4.410462574476192721e-03
2.659494290751212020e-01	1.851812996558765967e-02
2.661144781639863122e-01	-2.194705605661151360e-03
2.666614232754128122e-01	1.207487608370905185e-02
2.700819599529655224e-01	-1.034021271593554836e-02
2.701572616787978331e-01	-2.106430615643040127e-02
2.737515171471886499e-01	-5.900434462385528711e-03
2.749870163683550972e-01	1.582085326576643247e-02
2.756214935744841776e-01	1.778658889885087468e-02
2.769279741683258189e-01	1.308611706136941777e-02
2.776468809336687937e-01	5.958637517282872054e-03
2.778473685166857332e-01	1.689212477099122367e-02
2.787261457462369973e-01	1.311644283613122575e-02
2.795077469249780400e-01	1.299449208155789570e-02
2.804128000205090010e-01	1.382679205901182762e-02
2.804742244240527871e-01	6.648947955633754958e-03
2.836669480097613327e-01	7.162817286882727785e-03
2.840461474360569394e-01	2.632098240513025544e-03
2.845685622201619136e-01	3.091743373183253318e-02
2.852819424129428572e-01	-1.774908059211166567e-02
2.863895591806588925e-01	8.857446656773904081e-03
2.882166684260251133e-01	2.784480436757608146e-03
2.886428814134545107e-01	1.335133503884655681e-02
2.888965702311872552e-01	1.372646403609678600e-03
2.891356916299526736e-01	-2.754594766171902798e-03
2.893813776458642462e-01	2.427757746640724079e-03
2.896106811145692794e-01	1.094033361690538442e-02
2.912358008017941757e-01	1.222160798075644372e-02
2.933815607388071678e-01	1.120498984515339025e-02
2.935633577201792743e-01	8.217900732058636137e-03
2.938849717681525919e-01	8.624432205034171517e-03
2.942923317782480952e-01	3.298135805929591768e-02
2.946110462603441782e-01	1.123246516773135362e-02
2.957163549736218644e-01	-2.522463571285271655e-03
2.961275540089388647e-01	1.771988940663105083e-03
2.976295697272790530e-01	1.648310355393234339e-02
2.987701429607559356e-01	5.680348764925291505e-03
2.993974292435094275e-01	-4.618593426456651940e-03
3.002344643226917964e-01	2.731881937146085626e-02
3.009963774491262178e-01	8.567766173485757975e-03
3.022691534892106846e-01	2.587219172108357057e-03
3.048061518500416178e-01	8.776796010970144835e-03
3.052849571633526882e-01	-3.719591554370749176e-02
3.053987129318491145e-01	2.365102112717409888e-02
3.057810786840827189e-01	1.903092512255910584e-02
3.065043347982415733e-01	2.502666673732645286e-02
3.069719129924758927e-01	2.148097887745326062e-02
3.078506960211589427e-01	3.680678988572161359e-03
3.090168202291462274e-01	6.978792063980332472e-03
3.103447808070065594e-01	5.023377837269693558e-03
3.103525110496352934e-01	1.036767671864602391e-02
3.107359264447164260e-01	1.955468350928835086e-02
3.107794663259292878e-01	7.407927280337123221e-03
3.119367816527814363e-01	-9.442697501019559070e-03
3.139440467252332390e-01	9.370677007287664395e-03
3.151866208871401676e-01	1.891717773680867687e-02
3.155476748301759282e-01	2.168075513391709563e-03
3.157758358699253587e-01	9.450445394603601557e-03
3.170739251201181719e-01	1.375461428601343350e-02
3.171795447067630724e-01	9.335257401788643605e-03
3.175905117768098584e-01	1.211402736813793624e-02
3.180267630613063390e-01	9.388433760191272626e-03
3.182653857347408910e-01	2.185248165952780042e-02
3.184137043284941959e-01	6.668418460764602429e-03
3.227675126766954006e-01	-6.420725036738295088e-03
3.250860461460704509e-01	8.548258932066232774e-03
3.252080772755805982e-01	-1.571328489586965027e-03
3.254582750159971116e-01	4.866212933712921185e-03
3.263772866216612112e-01	8.211679111130409936e-03
3.275124202695524067e-01	-2.071594332284110163e-02
3.275980096551172061e-01	2.285286037607625609e-02
3.292655557902580687e-01	2.852876931301584484e-02
3.301137831937266398e-01	5.365004699653397324e-03
3.333746639749459728e-01	8.292284576431274701e-03
3.338459536135031658e-01	1.342171064523789425e-02
3.349395480806367509e-01	-1.504764448165829549e-04
3.351630408193237987e-01	9.657054367811834794e-03
3.352923962522398882e-01	1.420531927472734601e-02
3.355023596165436217e-01	1.108857726974976643e-02
3.357983241047667877e-01	-3.370165064317531822e-03
3.358836525294026099e-01	-1.488828445654977184e-02
3.373045267962336835e-01	1.726017846014604729e-02
3.383802425401681302e-01	2.088448585491731180e-02
3.389884612777128159e-01	-2.591640092835856279e-03
3.392732160442544775e-01	1.190421281915421403e-02
3.403285304426765800e-01	1.696977123353127226e-02
3.408036417090600234e-01	1.798055876912663109e-02
3.417713428249349872e-01	9.510787208473425736e-03
3.424274507925084143e-01	6.762767495227528514e-04
3.438138608193224144e-01	1.379560465467433161e-02
3.442238478361027143e-01	-1.283278385948871669e-02
3.452670768439484172e-01	-4.455798762424967308e-04
3.453267557088340878e-01	5.275837224117729818e-03
3.456658077459932032e-01	1.717707605295681894e-02
3.460554746051057173e-01	1.997329342556142251e-03
3.464087867072491722e-01	2.017811791822499146e-02
3.464355844950867680e-01	1.647055834315658274e-02
3.479066270507261138e-01	-1.542028476702816953e-02
3.485567445151971366e-01	7.063751143377761110e-03
3.494355681378024658e-01	1.424987766398277955e-02
3.495543575526618429e-01	1.430424715517109036e-02
3.501280366614766826e-01	7.515007667569406635e-03
3.508061581331902157e-01	2.556342482659235138e-02
3.508671360035888753e-01	2.294358692497477925e-02
3.509930815470332921e-01	5.699800535507781873e-03
3.514588330147649375e-01	2.567158480475018045e-02
3.527936655637544106e-01	1.260130789223978809e-02
3.533930174288464343e-01	2.913053609105098474e-03
3.537713933784328857e-01	1.668131970678432552e-02
3.544473517740019952e-01	5.837548361359967686e-03
3.545035627580984672e-01	1.349115767881969852e-02
3.550591427767074704e-01	1.402094121817798467e-02
3.561629901087830508e-01	6.373990467245960190e-03
3.567975021097026800e-01	-1.996638726247890183e-03
3.569860898743593136e-01	1.641073666909576012e-02
3.615169051211033491e-01	4.276739665362905285e-03
3.624743243763775546e-01	2.372918367630538761e-02
3.628452310442641937e-01	5.908235975261799666e-03
3.636543665005756432e-01	-1.485534813840228008e-02
3.638894285071128665e-01	1.432293150197416765e-02
3.644930891270985462e-01	1.165980685560841223e-03
3.669383510227048895e-01	-2.894747553068288681e-03
3.671915063203162743e-01	-4.093048028418810880e-03
3.698946382076503947e-01	4.747938951878971636e-03
3.699182812678135091e-01	1.743624307647562155e-02
3.704693321645222692e-01	-3.114580585630188914e-03
3.706464028535144117e-01	6.634855253522475849e-03
3.712243965163546378e-01	1.731470932037004751e-02
3.712695601544587221e-01	2.194679033506719001e-02
3.730972551121321534e-01	3.309115672260709573e-02
3.732428713104878892e-01	-1.030976780198955556e-02
3.734535189723386939e-01	1.457950239043537266e-02
3.735382848811943379e-01	7.677092919806671745e-04
3.744883798330626012e-01	6.923145897021587558e-03
3.746195909881401276e-01	1.510368418557761494e-02
3.747750019200292160e-01	-1.133693209810604507e-03
3.748401551652911223e-01	9.524920173098916365e-03
3.750292068604881290e-01	1.984479564338381685e-02
3.754400811444268404e-01	2.677669776384750122e-02
3.765737708085111213e-01	7.417669825845907283e-03
3.771407809158082713e-01	9.802505663100147260e-03
3.805678996079023824e-01	6.153967346901767499e-03
3.805817885284544233e-01	1.656081241369156132e-02
3.809727137991576473e-01	1.733251212414366194e-02
3.815458013965334905e-01	6.401427220344313440e-03
3.821543274880611629e-01	1.607780305044093083e-02
3.822715047442927783e-01	-6.913561675039314736e-04
3.842067156046948262e-01	8.174443048110990873e-03
3.846091057588766904e-01	5.501039686869768630e-03
3.861121595218009461e-01	2.006339691711711559e-02
3.862944668267674353e-01	2.749302875062475948e-02
3.866955173815140312e-01	1.225358605187820693e-02
3.877740978965352192e-01	3.082200464733952927e-03
3.879924989975417904e-01	5.839309882811338781e-04
3.881045904152246595e-01	4.536135605474722610e-03
3.884846481130199702e-01	9.107430283894490941e-03
3.889530033909093798e-01	7.345113320461171824e-03
3.902354117888380269e-01	1.430060374764474673e-02
3.908495630381675912e-01	-1.248503895909713890e-02
3.918110184891429593e-01	1.906707248811034816e-03
3.927920634071850325e-01	9.898306642472487482e-03
3.931284884376594069e-01	-5.243549541097070055e-03
3.945343313549827813e-01	-1.689764243053226700e-03
3.946929144119415978e-01	7.341494910326762380e-03
3.963126003127124819e-01	1.259058258592848922e-02
3.967913534338377568e-01	2.689028216996480758e-02
3.998831663278861193e-01	2.661707663907209032e-02
4.012462000545977125e-01	2.227058924137548246e-03
4.016714155913653772e-01	6.921291077750746368e-03
4.039588773127997801e-01	1.981456041584728212e-03
4.043319006637768331e-01	1.679634321524181573e-03
4.067974711187875014e-01	-7.816034983868291874e-03
4.068027657260793739e-01	-2.779438731112682248e-02
4.078706468430134957e-01	9.651753789202910383e-03
4.084665482247115675e-01	1.032152085512039186e-02
4.086322294189378979e-01	-5.324813565139918659e-03
4.089268891025162889e-01	3.528992462409563657e-03
4.096585887525097114e-01	-9.854987995387087807e-03
4.099219563211407569e-01	1.875436838636668213e-02
4.104405320800242341e-01	-4.001133914312782203e-03
4.105052561895363161e-01	-3.028899576179411302e-02
4.106955662963240328e-01	2.272844997579070991e-03
4.112333603778419722e-01	-1.202952981537142030e-02
4.112683059457946655e-01	5.972813405985988311e-03
4.114289940875803242e-01	2.540673117175851203e-02
4.117665905426691197e-01	-1.946882993428422637e-02
4.123482782524369172e-01	2.396757387445003218e-02
4.126931932117998691e-01	-3.466451269874215591e-03
4.130384967129903662e-01	-2.203436187532603618e-03
4.160072578303397606e-01	-2.692722024471616571e-02
4.169976277522431385e-01	5.402136998466255946e-03
4.174563158774977634e-01	8.153272034515213207e-03
4.175699324668321055e-01	-2.522315577194278458e-02
4.179439068754169373e-01	1.255766126825941242e-02
4.180245090076728509e-01	-3.533291304829155877e-04
4.184822808701103014e-01	-9.078060541933608008e-03
4.199892548461005570e-01	5.544289518849554455e-03
4.206617163652217051e-01	8.100067897155893704e-03
4.244247787598545152e-01	1.084080280898014337e-02
4.246503243911826653e-01	2.469213430626782113e-03
4.249180181121025579e-01	-2.694155834691680518e-03
4.255608344696946155e-01	4.818389829851366102e-02
4.287927253912731662e-01	7.869738668804249215e-04
4.303581198205583824e-01	-2.572139864601141745e-02
4.323370967283116650e-01	8.822045060930872040e-03
4.341278396184453658e-01	1.503683781597553448e-02
4.341786748074053515e-01	-1.771318584284475861e-03
4.343119214577287335e-01	9.745773445617667008e-03
4.368865561836464684e-01	-5.482924983962078613e-03
4.374183887577207108e-01	1.010147199158284437e-02
4.387147672640460128e-01	1.996484675287990562e-02
4.391159338014277158e-01	3.479636891362103412e-03
4.396196753812831592e-01	6.326256007337383025e-03
4.398958880267504479e-01	-8.049583770064816513e-03
4.405165459019085294e-01	-8.575689379726969541e-03
4.416158235181615321e-01	1.280324464365834025e-02
4.420741578963791607e-01	-3.226732730908254965e-02
4.429571047016619967e-01	1.274718333698010575e-02
4.439567242387137402e-01	7.722983983708298084e-03
4.452034447798252081e-01	1.075384939452561639e-02
4.453210395735431315e-01	-1.083039269930075044e-02
4.459985521364224215e-01	6.535748335834368206e-03
4.463331620386576382e-01	9.125089461927915480e-03
4.466597053486222602e-01	1.395855542421831075e-02
4.469158413999554380e-01	3.880744293873306106e-03
4.487302679441745323e-01	7.188512999891871758e-03
4.518823106206252271e-01	6.750662320545774975e-03
4.527847309103396611e-01	-7.027904799898232469e-03
4.533443181289910640e-01	1.865772730321069162e-02
4.534861416951793123e-01	5.264356213219523184e-03
4.541989187782577986e-01	-1.346212335923868686e-02
4.585190805640192990e-01	2.618344479505352318e-02
4.587590138412303564e-01	1.448064110070745869e-02
4.599483809692896941e-01	1.186175053224491904e-03
4.607563855949089460e-01	2.168289853562943570e-02
4.613694987996544428e-01	1.867377096486078081e-02
4.640224565990485606e-01	2.782336010108932278e-02
4.646319511455792584e-01	-7.367149003345230263e-03
4.665036963080599342e-01	9.197774174463102526e-03
4.667209375827156004e-01	-3.601273038536412230e-03
4.668846006790913772e-01	-3.622032344626813227e-02
4.687934370882738677e-01	-7.985080094096930203e-03
4.699979457493442259e-01	2.007504694619077767e-02
4.703630764820033727e-01	-4.685974487141697509e-03
4.704831649023757389e-01	2.656923296084290342e-02
4.708770999224595744e-01	1.931469196821100631e-02
4.714432807539157833e-01	2.658549504455098855e-04
4.716463895444857335e-01	-9.230853293251684022e-04
4.752452495234896213e-01	2.595266514814587033e-02
4.752581525916433902e-01	-4.262727449179104511e-03
4.754084718858520020e-01	-1.058273589902192224e-02
4.763724383608770596e-01	9.123323530216609356e-03
4.766308360735945215e-01	2.243522636834915929e-02
4.769145064024981062e-01	-1.346730256493555711e-02
4.769485994980828258e-01	4.019260177782424392e-03
4.777452726202537914e-01	-7.746306907845390555e-03
4.789036665856122865e-01	3.902842676293705182e-03
4.813796464821222809e-01	-1.948770459658566434e-02
4.814080970225099176e-01	6.958480856671167558e-03
4.820850412704772991e-01	1.479342334975486395e-02
4.824982004123273271e-01	8.769734740669443696e-03
4.837499024076158394e-01	1.211402736813793624e-02
4.863599118372360919e-01	-4.185779121638644185e-03
4.869090780161245968e-01	7.462765120952230546e-03
4.873055182611263358e-01	1.074500551558088546e-02
4.875386955498434149e-01	2.041116998878500510e-02
4.879586338767144538e-01	5.557533415452287073e-03
4.887002848367986152e-01	-1.724078669802797670e-02
4.894542183579388417e-01	-2.744510514366227394e-02
4.900925809823434842e-01	2.916563740072097843e-03
4.915479658822456410e-01	2.001773760194880403e-02
4.920128010871601121e-01	2.548417772540156889e-02
4.924950278882063159e-01	5.487796534329403286e-03
4.930832686168566958e-01	-1.282405536067876550e-02
4.938444684500853388e-01	-5.087965842902497648e-03
4.951595433571871485e-01	9.112728004855297215e-03
4.959208185791286194e-01	-1.193752913909240654e-02
4.959552016313010792e-01	1.092161846995831631e-02
4.962388893575999105e-01	-1.768086485913589190e-02
4.965827894689058275e-01	-2.414692977342203228e-03
4.984762987728612038e-01	1.564057806858998312e-02
4.998361197805807898e-01	4.801799085773383879e-03
4.999642805923554256e-01	1.633491143793230904e-02
5.000900289653201769e-01	4.398075304876680747e-04
5.006290872575606121e-01	7.432701366598015724e-03
5.024109516769781347e-01	7.930074893028438154e-03
5.030785883184795138e-01	-9.774667144298865296e-04
5.048272295120754816e-01	2.623750879236763645e-02
5.061197921897062635e-01	2.118673316053532041e-02
5.071225606553008136e-01	-5.145694082433704963e-03
5.077420819006349673e-01	-8.735110025442471837e-03
5.081211827416908244e-01	1.036507108954842771e-02
5.092684249766853410e-01	4.223832599997701109e-03
5.097695395498560433e-01	9.172120148727369582e-03
5.113234285017402847e-01	-2.336598989853377883e-02
5.118237369955970228e-01	1.537120720844464827e-02
5.119471541175965035e-01	9.074622210379024168e-03
5.120241027968470693e-01	7.251317194806317090e-03
5.124250489672220743e-01	-4.691199766566955809e-03
5.130562206682511839e-01	-4.334442705863139622e-03
5.144418768079370707e-01	6.917766930545354853e-03
5.146955888221969033e-01	-4.455943339425116889e-03
5.169354628684538211e-01	2.291032901071021755e-02
5.187775164763513969e-01	9.670445427201634914e-03
5.191295063764548301e-01	-1.329046728244309694e-02
5.194673637924724918e-01	3.262833868793446612e-03
5.199940119427582941e-01	9.447842130948069794e-03
5.202909274885891833e-01	-2.249145168051636112e-02
5.214350439915680369e-01	-3.076609403451779912e-04
5.216312460162183529e-01	6.419965990483778029e-03
5.235607389327103789e-01	7.731801420380435275e-03
5.251030354202174122e-01	1.273645648558052734e-02
5.253280185357653842e-01	-1.660697412287404084e-02
5.257863645122464735e-01	7.050487408833516767e-03
5.263179709201823986e-01	-5.465429534210919371e-03
5.265136974160288252e-01	-1.750568976579613967e-02
5.268364364955624435e-01	2.551114219317973664e-03
5.281216052802063521e-01	1.595465367501947007e-02
5.286105300784289529e-01	1.651521625407914584e-02
5.288104435474021425e-01	-2.278077126855471146e-02
5.293247917392366331e-01	3.799659417759837510e-03
5.311566562726415253e-01	4.095091386151050727e-03
5.329211174976637988e-01	-2.831653683860957393e-03
5.329827390716871394e-01	6.674630558312744100e-03
5.331601983025069380e-01	-1.444423203426969948e-02
5.342416261912196207e-01	1.586276926059038139e-02
5.343615986289568243e-01	1.394597343531422950e-03
5.346210575827853306e-01	6.594988809490720527e-03
5.365265304955502135e-01	1.105216616790349882e-02
5.407773810585818630e-01	1.299981020923679509e-02
5.410770975850501818e-01	2.622758424376026021e-02
5.413807285254527146e-01	-1.645488887827273317e-02
5.414785598781512999e-01	-4.738409380956154493e-03
5.414833905549027993e-01	-1.914402045963525811e-02
5.424019556274217724e-01	9.666818664413101558e-03
5.431293755181804128e-01	1.104061918695697919e-02
5.439515416235441991e-01	5.879978862586954236e-03
5.447352826819026328e-01	2.204166671776697228e-03
5.454607598635234922e-01	1.413311455309274045e-02
5.460543299942562934e-01	1.025061615649303093e-02
5.460762797079471431e-01	-3.796524032837433893e-02
5.461514770494078075e-01	-7.333138371213965279e-03
5.465683766312394720e-01	1.187927095192220506e-03
5.466170023510010800e-01	8.413576370869924048e-03
5.466547431004593616e-01	7.719457030639587103e-03
5.474229830796379925e-01	4.580269186021501682e-03
5.493342725215526468e-01	4.887407473281868420e-03
5.501814154873831963e-01	6.400500290800970049e-03
5.502740392197661423e-01	-1.405605197803416750e-03
5.510624543783186891e-01	1.567004484161271805e-02
5.516373976978560245e-01	1.072759912578380437e-03
5.519800683932299945e-01	1.085597852909891969e-02
5.519927800900358283e-01	-1.134027200171494609e-02
5.523844302522084027e-01	-2.522917103115385196e-02
5.525121039369157439e-01	-5.013738898488218076e-03
5.526236270396867045e-01	9.489495155089011647e-03
5.545402516828155104e-01	-1.108837092665893032e-02
5.548045355142636748e-01	1.138708598785531656e-02
5.556085097433136610e-01	-1.369952110721694982e-02
5.556894482252112688e-01	1.658843325864522988e-02
5.570088086906797020e-01	2.697296515472791256e-03
5.580071814144043074e-01	8.903535635047976626e-03
5.585651738718231396e-01	2.523782434362908944e-03
5.602437789512199062e-01	-4.282811910071182560e-03
5.629314909472187267e-01	3.645366610392608564e-03
5.646359137611866030e-01	1.770344348794083977e-02
5.669644101389158530e-01	3.468176394431310428e-03
5.697409822307891725e-01	-6.495762070257149468e-03
5.707018403711937582e-01	-4.514533439828993799e-03
5.719941884809496280e-01	1.993976448479184427e-02
5.726928852721282492e-01	-3.649452023660293420e-03
5.738344327597398875e-01	1.348042294736417901e-02
5.752719157399158734e-01	-1.709223958853767211e-02
5.763386370304990347e-01	-1.309119870953834308e-03
5.766650353621698422e-01	-2.102708199725578098e-03
5.770141372946595570e-01	1.005002561938717065e-02
5.776216833329207434e-01	-2.753987152816950168e-02
5.791613702111382267e-01	-9.949827007930456269e-03
5.795340978063957538e-01	8.456115539898778621e-03
5.821069290023378473e-01	1.540422000301733263e-02
5.822495180539176696e-01	-4.240808328640266467e-03
5.825576897144840727e-01	-1.861059741660675559e-02
5.843946342873058697e-01	8.819350502150768989e-03
5.876540942812453761e-01	-1.202966044610565000e-03
5.886724566121277480e-01	1.059141364535509666e-02
5.896659696634419801e-01	-1.102233417979714414e-02
5.915944303344817801e-01	8.845924741185173801e-03
5.919327980740939354e-01	-8.117554776368662850e-03
5.921438864699579696e-01	6.383723013650755007e-03
5.925802479379578269e-01	3.953051269570018178e-03
5.940239823821651388e-01	-2.991906140460520724e-03
5.946955508349961450e-01	4.175367734584822799e-03
5.951280152864568684e-01	-5.840186187276441565e-03
5.963202587838664082e-01	1.479915439910550745e-03
5.964495678237284881e-01	-4.383411537378423262e-03
5.965925106223454177e-01	1.200645818936774134e-02
5.966965934390753290e-01	5.699231940989868406e-04
5.966969761817710882e-01	-1.119001335653968532e-02
5.973723836598235915e-01	-1.381560987945318342e-02
5.977036822578268849e-01	-9.713259695071863042e-03
5.989804770962172675e-01	-4.455118102118515999e-03
6.016043232542036545e-01	1.472905246563627202e-03
6.018491915925378022e-01	-3.578340011846792290e-02
6.018914034725789675e-01	1.523028363841150146e-02
6.027016987552412663e-01	2.633852812799375442e-03
6.027609020913230475e-01	-3.736902400402808411e-03
6.028091972605745807e-01	1.468477781312094166e-03
6.038268520973828490e-01	-1.383623183556670355e-03
6.038726188451895016e-01	-9.446164375521148848e-03
6.039005416645873980e-01	7.017746210589148603e-03
6.041699577276383737e-01	1.784114797762947902e-02
6.047201445537156994e-01	-1.008459220739021944e-02
6.057196075142101677e-01	-1.497565563456504378e-02
6.070463966674560785e-01	-5.969376716731589205e-03
6.070475101007528629e-01	-2.740667644514604984e-02
6.089869833229945018e-01	9.595030041186669578e-03
6.094422441613822627e-01	-1.989560899149922513e-03
6.117488894106606345e-01	8.241766111700021824e-03
6.122250155251010018e-01	-1.559097910367901463e-03
6.129160168684413268e-01	5.281114829570165980e-03
6.130189282605569279e-01	5.256393653635393903e-03
6.133972230222988209e-01	7.754819934449042051e-03
6.147376807290900746e-01	1.252567359110501322e-02
6.163825464599390624e-01	4.672058439198600865e-03
6.169970804519644414e-01	-1.215599097599273648e-04
6.188402068992365779e-01	-9.092845731547560817e-03
6.196845372861661261e-01	-1.990186228440882221e-02
6.201614462833934249e-01	-8.976201018760288086e-03
6.202606056372638177e-01	4.492929135570422616e-03
6.203769478185228170e-01	8.416269845826773732e-03
6.203814827395548459e-01	-1.607815245379595748e-02
6.209060895954630066e-01	-8.579250601919552466e-03
6.212148179726777464e-01	7.191110436968406461e-03
6.216955485977313511e-01	-6.904357698069851779e-04
6.226587727838918118e-01	-2.594304165718708255e-03
6.232842323401426299e-01	2.547513029356185399e-03
6.257686209776966990e-01	1.244650144191394858e-02
6.258001798527047521e-01	1.195305070451047058e-02
6.261322091413091817e-01	-1.490379953066112151e-02
6.269318456198066380e-01	7.139812294973291174e-03
6.270543928720430094e-01	-2.751104471608312174e-03
6.277689096946478253e-01	5.153683912320072835e-04
6.293600870637136024e-01	-8.961414088704544589e-03
6.295207868037627774e-01	1.638845656984866395e-02
6.300582851295611908e-01	-2.351568731702058379e-03
6.315051047118619421e-01	-7.435166771841195121e-03
6.320524731599065360e-01	1.166154958305165579e-02
6.326021032693354140e-01	4.618301677210556733e-04
6.329174136610916657e-01	-1.039408151144316506e-02
6.356439740407140437e-01	-1.566845324809629236e-02
6.391613968124892908e-01	-4.294183753963731753e-03
6.397405561008121522e-01	1.998159929180287619e-03
6.403921291473535504e-01	1.032868604245096300e-02
6.409053871024180671e-01	-2.707291050770610497e-03
6.412174673777870648e-01	4.720547276568121120e-03
6.414456052210094628e-01	3.102525873329042838e-03
6.418782262490275725e-01	5.694428104121795897e-03
6.420959894455411376e-01	1.442271174029419178e-02
6.422131551035092922e-01	3.047001526789161474e-03
6.422241966503698940e-01	2.267858999817806698e-02
6.423987911101028958e-01	-2.451309450400041001e-02
6.429782345558816559e-01	-1.957295213326859518e-02
6.430459742139060797e-01	-7.087258041196586866e-03
6.432769420334246702e-01	3.110378982406514226e-03
6.435880190590000938e-01	1.442719647586421239e-02
6.440196020424341361e-01	-1.865714680434527040e-02
6.451093052921604842e-01	-1.643586524528772852e-02
6.456311285648265175e-01	-9.779983788815727053e-05
6.469772752198689192e-01	-7.217200901508791233e-03
6.473188788750000588e-01	-6.263586451181635262e-03
6.474340206359858740e-01	-7.539744140169779563e-03
6.475362825253448973e-01	-2.276015985646362427e-02
6.477204919455268328e-01	4.911194017300779535e-03
6.479520802721432382e-01	1.935683279444599947e-03
6.489727158626733550e-01	4.590909647515628578e-03
6.491231105455947947e-01	-1.452050958708817063e-03
6.494393777940904444e-01	-1.085471767221701800e-02
6.505069689544368261e-01	-6.544624603747717373e-03
6.505290694455532208e-01	-2.477721353723261188e-03
6.528510939922445022e-01	-4.999872527474691353e-04
6.528923722120730799e-01	2.330080530851708076e-03
6.531040985124302312e-01	-1.051166709736151006e-03
6.533427095876013224e-01	-1.332345591921579864e-02
6.536078980836032004e-01	-4.369381388003801270e-03
6.540111175136260613e-01	1.224472905056006589e-02
6.540736959443889109e-01	-9.573153099585618442e-03
6.545818738600366338e-01	1.760418407453601120e-02
6.552335802866082748e-01	-4.092130763795331916e-03
6.566347201080787732e-01	-7.513600831104305655e-03
6.568444109131901243e-01	4.212363603788737976e-03
6.575241039496091400e-01	4.245938534807702780e-03
6.586402860349265254e-01	-3.570620814519753772e-03
6.593980063891025090e-01	-3.385035419385729050e-03
6.596318215823124831e-01	-1.192187634144448172e-02
6.596426833560887770e-01	-4.239065783709916602e-03
6.603655277318930539e-01	-2.849195465932985449e-03
6.614604791958571539e-01	-5.129109010522214795e-03
6.617485278692354367e-01	-4.057182352372401546e-03
6.643815134588669791e-01	1.148387574757836482e-02
6.657498243954752537e-01	-1.380171264786367313e-02
6.660253237477367083e-01	-3.923339693296723496e-03
6.662200875877118955e-01	7.694606016475091792e-04
6.669091056279921048e-01	1.616530806774618689e-02
6.683132841945019775e-01	-8.279606636314995605e-03
6.692745018810754010e-01	1.229358337036989823e-02
6.701192034124372476e-01	-4.457685504829722589e-03
6.701953170167151974e-01	1.360243220140411324e-02
6.706342880940044937e-01	4.492929135570422616e-03
6.711573755773929673e-01	-8.351854596112873175e-03
6.720406587323175529e-01	5.131037947205374650e-03
6.724487030399600718e-01	-8.405414287947499119e-04
6.728032039641131945e-01	-7.984257782198911357e-03
6.735899083787981745e-01	-7.613874044277824105e-03
6.740366386943750232e-01	-1.999745394900342976e-02
6.760913348654470356e-01	-1.410913178468009566e-02
6.774202870948373700e-01	-3.261678575245952061e-04
6.774723690971246048e-01	6.594988809490720527e-03
6.776062246562821745e-01	-2.953489520477647901e-02
6.778257913827714365e-01	3.420579763467879175e-03
6.781153014373517696e-01	4.603215713090413885e-03
6.790756956472160377e-01	-9.342609076810393098e-03
6.796542866206269906e-01	5.256393653635393903e-03
6.799932922647320410e-01	-3.462137406344267809e-03
6.806853316526564335e-01	2.021758266990159036e-02
6.851181357736174649e-01	2.446315647122165871e-03
6.863522258057676018e-01	9.798134378909972853e-03
6.879069846274150635e-01	-2.298089171302364342e-03
6.897201005678575969e-01	-8.460810274208752091e-03
6.907506004815021639e-01	-2.649809884277098959e-02
6.909872398518766001e-01	-8.295317133561352918e-03
6.924844828847828149e-01	-1.675115711298491572e-02
6.933937867438898506e-01	4.684365498831999375e-03
6.937849845737855681e-01	-1.516679275562804463e-02
6.950666390845862130e-01	1.661182870718924676e-03
6.969450184537939741e-01	-3.235574169122179544e-02
6.974206864368258652e-01	-2.641004595330587179e-02
6.977001987882615053e-01	-3.009052044702420492e-02
6.981670810866852372e-01	-2.875461641157039949e-03
6.996223268074253099e-01	-9.811577878346078307e-03
6.999652410663329549e-01	-2.110695288720654261e-04
7.000122430292032849e-01	-2.202938901116435755e-02
7.017120903282166866e-01	-1.698260267336915152e-02
7.040615853620291187e-01	-4.227481491425599813e-04
7.046914116644911186e-01	1.057270495783035891e-02
7.058606210105717871e-01	9.786258837758410323e-04
7.059701144172286780e-01	-1.701165701512685757e-03
7.060661306416881056e-01	1.396574640534731238e-02
7.066608547996400258e-01	1.202865682808251790e-03
7.068668747543507269e-01	-5.110691009978962640e-03
7.071564370011168554e-01	4.678258217314823497e-03
7.090208056680057380e-01	-8.850870233269803045e-03
7.090875420762366987e-01	6.727744593904017023e-04
7.094102579592433955e-01	9.524083347315137615e-03
7.113866484542341606e-01	-3.473518622958859936e-03
7.122136278389541442e-01	4.711756187720128608e-03
7.128601092478151768e-01	-9.604532861677950173e-03
7.131827613403725064e-01	-1.834590184368034560e-02
7.132853943741638281e-01	1.746922929923844237e-02
7.133894134004444831e-01	5.174271864221147155e-03
7.171360062608944652e-01	-2.123019258896896577e-02
7.174521807232820958e-01	-1.575742496422449790e-03
7.179679844971869063e-01	-4.394116788035695720e-04
7.182027159532141658e-01	-5.338830250830373103e-03
7.183823034653877837e-01	-5.309972153233255554e-03
7.190362715533438198e-01	-8.085305672622000728e-03
7.191706200387004699e-01	-2.906135249704511203e-03
7.203289792092684163e-01	-1.034978352832482962e-02
7.211605457072063352e-01	2.070603832834372326e-02
7.223684700568800965e-01	5.539010531761423550e-03
7.249304858720999611e-01	9.448678893533291046e-03
7.268757640252277996e-01	-6.486977539716942687e-03
7.282304759978717179e-01	-1.103627057761391583e-02
7.292827806469132090e-01	1.905054126064964493e-02
7.292896758145692715e-01	-1.399316837898489929e-02
7.301313154043647113e-01	-2.013003922595724138e-02
7.301419742085295539e-01	1.475332725863887084e-02
7.310378530776249217e-01	-1.709395964088744613e-02
7.317161891172133670e-01	-3.628636412067764994e-02
7.318095551384609099e-01	-6.703983649225531138e-05
7.325676002440151269e-01	-2.673312474847922005e-04
7.326601601859488166e-01	6.691800164724259758e-04
7.332682165478043856e-01	1.008016747979789685e-02
7.335089501051975658e-01	7.119497839815025486e-03
7.346281477390274040e-01	2.124970896983047197e-03
7.349994139530827697e-01	7.432701366598015724e-03
7.354013981680418421e-01	-1.632361832073225827e-02
7.354735741618584344e-01	-1.175960046340451814e-02
7.355663660690623384e-01	-1.601507713652483567e-02
7.356095811988969668e-01	-5.839270531827200905e-03
7.359200377173746865e-01	-7.222412892300633658e-03
7.368550897214717343e-01	-3.988933099789537806e-03
7.385625976735329390e-01	9.152601218178624265e-03
7.408344945253382274e-01	-2.456709025377568079e-02
7.457015260338134555e-01	-6.575185341268330319e-03
7.466442792848805299e-01	4.978598789573407402e-04
7.468648086672410313e-01	-7.756816695573265363e-03
7.472013264838234248e-01	-1.080148364439259545e-03
7.481640809403117265e-01	-1.952792158494087715e-03
7.488644304840403887e-01	-6.171048845201920763e-03
7.495807972296748556e-01	8.705999721643431499e-03
7.505145676256541609e-01	-8.950193278716156442e-04
7.507659715854756444e-01	-9.644485887370213284e-03
7.512084453383447435e-01	-4.306472536029559706e-03
7.517339046666208224e-01	-7.659975987394096464e-04
7.544281754806340112e-01	-1.494190569310083205e-02
7.563945276785577487e-01	-5.150916948386097260e-03
7.570875529188804132e-01	-4.232095573493022123e-03
7.576075436659119866e-01	1.531416213296754592e-02
7.577652626522394241e-01	-1.673213921038896324e-02
7.594355575758319210e-01	-5.736958067414921203e-05
7.596085746717277098e-01	-1.378872355500770919e-02
7.601007759793916296e-01	-3.058029323828936885e-02
7.601473372082486746e-01	-2.257839776505621288e-03
7.610053767426457894e-01	1.362962318379734583e-03
7.612557020639609817e-01	-2.548429157900489184e-02
7.633910815551333551e-01	5.918565376452633586e-04
7.634414876083435164e-01	-1.756424151167057524e-03
7.635395451271805856e-01	1.525702675373641348e-02
7.641114844964690400e-01	-3.027810179002110580e-03
7.652079785294798597e-01	1.276677179358132186e-02
7.682301844450788453e-01	1.154964962811155793e-02
7.689641515555882822e-01	-3.848934111256196999e-03
7.697082671466681791e-01	-1.749274945755407984e-02
7.708929717727969200e-01	-4.495370547027643937e-03
7.734302426928203467e-01	1.624561342010033549e-02
7.735310432009772086e-01	-2.510152771101559210e-03
7.756673273567032956e-01	3.834977224596025636e-03
7.762963185841926794e-01	6.191356525451219284e-04
7.763478496689631969e-01	-9.939340448454903054e-03
7.784889703005726247e-01	1.527420016668834535e-03
7.804740710914586099e-01	7.742475262738635067e-03
7.808315817649923440e-01	-6.763561462934331026e-03
7.809207550139815046e-01	1.392558963105305914e-02
7.811494495738522392e-01	-2.225707064257698153e-02
7.827451154708959802e-01	-8.633215249465808760e-03
7.838186681386860588e-01	-1.076780097423268856e-02
7.843661061763117504e-01	-1.283714807995228746e-02
7.852157311705331155e-01	-6.641427544735067912e-03
7.867463656040818432e-01	5.210471284993634100e-03
7.880582915826409574e-01	6.151279914544005578e-03
7.882217285128781947e-01	9.328989331687242981e-04
7.891589087983291728e-01	2.794794814680767736e-02
7.899435139273190964e-01	1.768910229446385429e-02
7.921508838400919128e-01	-1.592779815468903237e-02
7.921623835183611018e-01	-1.778011084993724733e-02
7.931230038943638538e-01	2.234087261829520443e-02
7.972516203582739047e-01	-2.600967253773367460e-02
7.994443532624984083e-01	5.902121254071301948e-03
8.003604711014169482e-01	-1.197747905084456388e-02
8.009328686021141008e-01	2.187459349929588015e-03
8.013440386417722827e-01	5.901194784405650040e-03
8.015630428524813667e-01	-7.874427335005651507e-03
8.016560203319014200e-01	-1.527581592219162676e-02
8.021407813535242903e-01	-1.847331684432518273e-04
8.031877102074294061e-01	9.413256550889537166e-03
8.047676778548136234e-01	4.205496383407059113e-04
8.064674149703238148e-01	-1.377310008381649187e-02
8.065972981242295337e-01	3.915140313168530284e-03
8.072745729227069900e-01	-2.480100736122636818e-02
8.073101737925478805e-01	-3.539549919022044744e-02
8.088173855329401363e-01	-1.469770360091882111e-04
8.091793151448707366e-01	-3.799021457187912176e-03
8.100778674137050217e-01	2.242013016494848188e-03
8.101952650369432796e-01	-1.509504130800387589e-02
8.103760877641805749e-01	-2.035717053323682357e-02
8.107180567646122826e-01	-3.070207285831150212e-02
8.109877105920652030e-01	-9.133732020920826145e-03
8.112605713393783446e-01	2.406615084667995674e-03
8.115013744863526224e-01	-9.370720258505826905e-04
8.115263339494239725e-01	7.534402126592842919e-03
8.126131608298000630e-01	-5.104643233946437597e-03
8.126293288091316347e-01	-1.510801319574051060e-02
8.126873781179942968e-01	1.109641475380396258e-03
8.127513947334323863e-01	-2.233604433018721025e-02
8.135645083941273059e-01	2.737747434641057964e-03
8.135976098381820787e-01	-4.438859570301956214e-02
8.152049261909206646e-01	-1.633738941565965330e-02
8.156973826603818312e-01	-3.094380742122870842e-03
8.157266972714009023e-01	-9.520972921994275140e-03
8.158234209899343226e-01	-2.192040465449740516e-03
8.161759560084226317e-01	-5.169242576948174239e-03
8.162761766034041244e-01	4.715055381903088261e-04
8.166588439104889297e-01	1.472127021827174254e-02
8.183912997273580237e-01	-3.687875245681782044e-02
8.191799642485759758e-01	-1.098671804868234236e-02
8.194429838693018109e-01	8.244459127751291305e-03
8.196523151282443242e-01	-2.010332505166534389e-02
8.216097018684755948e-01	4.250285784265450673e-03
8.217981098600478651e-01	-5.194623014976862407e-03
8.221463535210378204e-01	1.123954367685731093e-02
8.222716147669352216e-01	-6.447720719753413654e-03
8.230663973721542570e-01	1.379655895156428613e-03
8.239747501736535140e-01	-1.093370138079363674e-02
8.239969550491416106e-01	-1.232540268409043627e-02
8.253704504095382699e-01	-4.446315528272126727e-03
8.256684271964802591e-01	-5.251428869018859302e-03
8.264482538409043677e-01	1.068105260992213701e-02
8.271126893616772557e-01	-3.179309144974773460e-03
8.272106308978791622e-01	-9.961954803424766247e-03
8.288607390438342826e-01	1.568735940569165876e-04
8.302564624762460710e-01	-6.471329902291822478e-03
8.303415531364799484e-01	8.217900732058636137e-03
8.315293544989655894e-01	3.903674842461013483e-03
8.319133382089586304e-01	-1.306169755195518700e-02
8.322552724145997338e-01	3.420579763467879175e-03
8.324737605025827047e-01	-2.559127511294356783e-02
8.338363360978856553e-01	-1.809153520128170545e-02
8.342531080988186964e-01	1.017692520812985002e-02
8.363356517005757773e-01	-1.501285181114553335e-02
8.366418052632915714e-01	-1.384413038189202805e-02
8.370260731307406221e-01	-7.807353511459669271e-03
8.393300333820166159e-01	9.803775625396582427e-04
8.410940364756303023e-01	-5.402589935963320045e-03
8.420623001072854441e-01	-1.024367906219125768e-02
8.425131826011985625e-01	-1.181166270615863212e-02
8.440341208864536870e-01	-7.343561108120733039e-03
8.444325328362519700e-01	7.612354914185770483e-03
8.452235750014893689e-01	-4.417038145105556257e-02
8.463271497743724003e-01	3.404776332837533559e-03
8.467501500428098460e-01	3.207300648786715058e-03
8.469357744511398778e-01	-1.187673665265531753e-02
8.471441662507381842e-01	2.473552988873750635e-03
8.475778601181309657e-01	-1.907427536555361680e-02
8.502701476290841498e-01	7.314960299819039946e-03
8.510153650551973703e-01	-1.124993742033530975e-02
8.529725256292901570e-01	-1.007501883036099333e-02
8.542809953253236444e-01	-1.754025674648107547e-02
8.543124150211695023e-01	-3.396245852222101735e-02
8.562427662091612879e-01	-2.175101943710866514e-02
8.571458707964227930e-01	-7.113412580654121520e-03
8.582914254840767754e-01	1.439954092235318228e-02
8.583217723405480726e-01	-5.482924983962078613e-03
8.583556856630484289e-01	6.760398509707998826e-03
8.593063199341699487e-01	-7.755080303538774977e-03
8.605511325609340734e-01	5.845515524228739324e-03
8.610079475666320148e-01	2.544311573366986323e-04
8.614582559465014944e-01	-1.253788152241508413e-02
8.616409575924273145e-01	-1.390307619473851730e-02
8.621361860468671479e-01	-5.978989798646194842e-03
8.625124511124949711e-01	-4.122486161054905729e-02
8.634897091975013428e-01	-1.783546563868809720e-03
8.697144334323422266e-01	-3.023701380442722630e-02
8.703959241996050977e-01	-2.783109943083128535e-02
8.706386062652677893e-01	-9.805467477985496672e-03
8.717969364401769727e-01	-3.198589180011368605e-03
8.725455173627078009e-01	-7.975643686043420999e-04
8.734958152841875156e-01	-1.087731111870504641e-02
8.737672842398795936e-01	6.678153854554391700e-03
8.738525140792756662e-01	9.509857415104905343e-03
8.742328791310538527e-01	-6.057538927338734780e-03
8.747665094359721172e-01	-1.580156483743877516e-03
8.748455574009178504e-01	-9.438318273780943457e-03
8.756840190665117207e-01	-8.917873513402119201e-03
8.764236693261406863e-01	-2.708709510374640583e-02
8.786047285781433125e-01	2.041737290820466733e-02
8.791203467798319737e-01	-1.572112546485959772e-02
8.801169797640302495e-01	1.152831457214831268e-02
8.803281435486071116e-01	-8.105404387293679846e-03
8.804597896385663036e-01	-2.130740275817499807e-03
8.816038191545688685e-01	-2.308377185017540523e-02
8.824760027713153265e-01	-1.894064364554726154e-02
8.830847724263766185e-01	6.308553123023585840e-03
8.832218812984484746e-01	4.283817507086951082e-04
8.843355291631891379e-01	4.644668832559872840e-03
8.845422160180516080e-01	-1.415589468651257121e-02
8.866150402749881643e-01	1.357386559634954359e-02
8.877486661486231334e-01	-8.993443040701265545e-04
8.887205774341518927e-01	2.234074396472163215e-03
8.890126681023630129e-01	-3.343967593767127600e-02
8.893824149438988025e-01	5.856819763421228231e-04
8.901699834292151614e-01	-7.376748567670787793e-03
8.902798131855138575e-01	-3.490984802520413766e-02
8.912277044673153625e-01	-4.682399280148574761e-03
8.917027055501954846e-01	-1.294218541434855041e-03
8.934715103249017965e-01	5.243153723254234677e-03
8.940076168590791461e-01	9.900579478308024761e-04
8.942593977624647694e-01	-1.396456136964163708e-02
8.943555995591402352e-01	5.192880610795924667e-03
8.951583791670487678e-01	-1.192970277126548240e-02
8.963329759065292723e-01	-1.522819913519601887e-02
9.000067432704061954e-01	-1.737021529453230961e-02
9.004004057312975373e-01	2.746071382726533727e-04
9.019880630273883204e-01	-1.421572980545537934e-02
9.030771805648074579e-01	-9.809632165892478994e-04
9.053385345950830665e-01	-5.414773433645936329e-03
9.060191902873733216e-01	-4.155970364754013602e-03
9.061703504556863908e-01	-1.560707432098906722e-02
9.074698836896860632e-01	9.657054367811834794e-03
9.082829625555906006e-01	-4.949954285659585729e-03
9.084063158871407140e-01	-1.060827354730564664e-03
9.085658673991025003e-01	-1.118482219528438293e-02
9.088911928913987470e-01	6.226377549471973083e-04
9.092958331087014345e-01	-1.894416763655160096e-02
9.097027755813105188e-01	5.169920614965350936e-03
9.110738005115799343e-01	-1.016546075512392289e-02
9.154919560257290811e-01	-1.105275717373277455e-02
9.157531837147426801e-01	4.939516473284166764e-03
9.158393646117464204e-01	-2.240816865826122939e-02
9.162434075184783255e-01	-1.647563327771761621e-02
9.180355885932871551e-01	7.204376023640879367e-03
9.183090060572487445e-01	-1.386057016936559361e-02
9.184949494178253904e-01	-2.050260798007630392e-02
9.199584589013155567e-01	-5.120312396082571382e-03
9.215788928900828791e-01	1.541533461009381156e-03
9.218400103955931568e-01	-2.040020855324131688e-02
9.218797286489798237e-01	9.428317867515190187e-03
9.220952011884503419e-01	-1.850628261581133138e-02
9.224011053885007305e-01	-8.795182861788819473e-03
9.225757520404195278e-01	-1.145101019019989508e-03
9.227452838581308159e-01	-8.432101788535817377e-04
9.228456204357473602e-01	-9.912439635794800807e-03
9.233425480357911885e-01	1.129926914103629443e-03
9.233520528127369120e-01	-1.987814414612709690e-03
9.242738132068526458e-01	-5.460208319418402567e-03
9.245454271408385383e-01	5.423342841691214389e-03
9.247501132952457015e-01	-2.278286697634523961e-04
9.262649798895539188e-01	-2.376102209976749258e-03
9.278941009776894289e-01	-3.026264786704058185e-02
9.280112086443399466e-01	-8.757751886700915200e-03
9.288248906199468857e-01	-1.459916943490202623e-02
9.289281963530217068e-01	1.906707248811034816e-03
9.292889081472839319e-01	1.301355283545690966e-03
9.299819913789241221e-01	3.809293036740601934e-04
9.302328328229654275e-01	-2.743292103946082250e-04
9.325906438117137487e-01	2.969401932583659587e-03
9.326322815777111641e-01	-4.623819059626388395e-03
9.326474521063810030e-01	4.897125643085198377e-03
9.339905310207252676e-01	-1.270012053502933558e-02
9.344990220894876520e-01	-1.091466205567004355e-02
9.363434707387998657e-01	-2.221753637800905068e-02
9.364864483322072886e-01	-6.334615019389921997e-04
9.377452136699728769e-01	2.891900711537553903e-03
9.381149721097721272e-01	-2.313894425714280167e-03
9.390166559097536947e-01	-2.629303910681723977e-03
9.390617499582768479e-01	1.568426403470768449e-02
9.393480936869191833e-01	-8.165515385189170416e-03
9.402561043396450158e-01	-1.162185474499199955e-04
9.403693729810740365e-01	-3.637155132690028658e-03
9.419700261314266632e-01	9.011704328637959449e-03
9.432055659465153896e-01	3.080504139700845911e-04
9.433367597041977248e-01	-1.996730612086439205e-02
9.440143882497120664e-01	6.454449011266794045e-03
9.445992016914955824e-01	-4.474373461058722690e-03
9.457539074090581810e-01	-7.554552282449167322e-03
9.460427621617503169e-01	-2.276448018845866894e-02
9.481935209503357109e-01	9.834500319212180486e-03
9.495161405278500499e-01	-1.426593765672101721e-02
9.496440751734863683e-01	-4.173488849980921955e-03
9.497083991429073890e-01	-1.904531130608733136e-03
9.497536439688559762e-01	7.188512999891871758e-03
9.497751007563477454e-01	-1.436543788528021892e-02
9.536053518914882066e-01	-7.367149003345230263e-03
9.539691952168979361e-01	-5.989426753751470045e-03
9.542047907435565746e-01	-3.107510686961689750e-03
9.545687558507330861e-01	-1.353135891384560363e-02
9.556894496605555789e-01	8.149650721453127744e-03
9.564451519168808424e-01	-1.375057278266511585e-02
9.566906639588398376e-01	-1.349499516678065447e-03
9.572722994764217841e-01	-7.863096380673395558e-03
9.587036237786745740e-01	1.396397200266696892e-02
9.595090999828488343e-01	-2.027542015667072040e-02
9.602717611972796385e-01	-2.164019008467543692e-02
9.605588240182595383e-01	-1.271406198856794845e-03
9.613189916060359552e-01	-1.385711874500128449e-02
9.627231063820964607e-01	-1.190021682876807319e-02
9.635116781172063938e-01	-1.893034267618798339e-02
9.658912938413517502e-01	-2.666139586029458997e-03
9.688301778319019508e-01	1.487017922686240112e-03
9.695662036341842205e-01	-5.695135850441457315e-03
9.706520272647667369e-01	-4.527644680260567434e-03
9.716861110418355540e-01	1.132508726700676149e-03
9.720137387894383085e-01	-1.457666100275023524e-02
9.727773046684228264e-01	-1.483629356725324477e-02
9.747009810557650811e-01	1.680099842746218819e-02
9.749209943153994695e-01	3.712548091501233216e-04
9.756187864420242661e-01	-4.946471674714847389e-03
9.764142881395808660e-01	-1.936975457594580785e-02
9.770319304662266058e-01	6.271480028766207582e-03
9.779198065335007461e-01	-7.577221109279497213e-03
9.800210001429803253e-01	-1.724856036704469631e-04
9.808658872465583212e-01	9.468203550787368528e-03
9.809678707775930651e-01	5.277596422858188419e-03
9.810970522365565216e-01	-9.765465802484829538e-04
9.819072605322425318e-01	-2.938552738499855543e-03
9.832460074951662188e-01	-6.109901564727682199e-03
9.838098686739207288e-01	-1.522302917404583233e-02
9.857865433263675037e-01	3.695041963289735776e-04
9.874810090311127997e-01	-3.826180123248423826e-03
9.876169058846478999e-01	-2.444453985334893442e-02
9.900697936385114417e-01	1.700105628478665309e-02
9.903782958495879196e-01	1.398797339672741558e-02
9.906097739927008927e-01	-3.123303118793385735e-03
9.910432011000328556e-01	-1.267910713229070119e-03
9.930246716344406366e-01	1.007756259215519812e-02
9.936739830195977508e-01	-9.098960529432376099e-03
9.937395132084236860e-01	4.746180680021971909e-03
9.942691479115630671e-01	-2.198471107733712682e-02
9.951958549650653518e-01	-1.085034468748158343e-02
9.954112231201643901e-01	-1.448317289943790165e-02
9.955976304112812425e-01	-3.192384280011162367e-02
9.971954941792600113e-01	-2.686403375616430722e-02
9.981442263351659738e-01	-3.063712924575412444e-03
9.988674244580072470e-01	-6.654510772482469250e-03
