5.385479686460100876e-04	3.253855887465000318e-01
9.923590240951310048e-04	-3.407633664131670681e-02
1.311009715741905113e-03	-1.423498181572564469e-01
1.979840978384719667e-03	1.441897460611729631e-01
2.432985133682072278e-03	9.292026746194448350e-03
2.752540489882549825e-03	-1.011080539615575313e-01
3.421423944711155050e-03	-6.554219694341778535e-03
3.874475313900435213e-03	-8.219049372201037151e-02
4.193502949111252258e-03	7.160136810288375564e-02
4.862531382233720167e-03	3.258383813973881882e-01
5.316156865466697273e-03	-1.806332304631397268e-02
5.635955785200864182e-03	-5.037308003023900360e-01
6.304265125985772898e-03	3.813430392790249090e-01
6.757542661313478867e-03	-6.172070461135004127e-02
7.077057423591675070e-03	5.330785669034598939e-02
7.745691515754836269e-03	1.931283119687237093e-01
8.199299601592550252e-03	-2.664153037687402303e-01
8.518077874137922403e-03	-9.587550068696715222e-02
9.187077311601617863e-03	1.050344043134778804e-01
9.640383842588097149e-03	-9.197087483481825032e-02
9.959730430045412447e-03	-2.749567149048941506e-01
1.062818474912418341e-02	5.585187386216396987e-01
1.108165365579978807e-02	-3.967553193978612391e-01
1.140004338651760991e-02	-2.826360842493206293e-01
1.206972132239658192e-02	2.799303540088193820e-01
1.252315543428166034e-02	-9.095658039197418443e-02
1.284209028338440493e-02	-3.480385859770726009e-01
1.351097953734476526e-02	1.610940549056849580e-01
1.396463401623651394e-02	-3.832203205731939955e-01
1.428353407054873229e-02	-8.700721395733490571e-02
1.495249291409014684e-02	2.697767855624639832e-01
1.540556747980644479e-02	-8.394540192082644570e-02
1.572416018013567465e-02	-1.285650800945413730e-01
1.639366994119376489e-02	-5.057280606606928686e-03
1.684700546783901576e-02	7.354152326197715972e-02
1.716526181852648381e-02	-3.450765798553501185e-01
1.783524130925669138e-02	-3.239745120446474447e-01
1.828930752650301250e-02	-4.169617151629413376e-01
1.860782483811943347e-02	-9.981409346963554530e-02
1.927655751552241961e-02	1.773078774027008198e-01
1.973000322567100562e-02	-2.304904116377093359e-01
2.004915264264866756e-02	-1.722298685453075295e-01
2.071789691831516650e-02	4.014373965453239546e-01
2.117076851442005470e-02	-6.701258778880803124e-02
2.149013249927263572e-02	-4.388146840709077345e-01
2.215914353499983877e-02	2.074870462669995419e-01
2.261234568161473585e-02	-3.303279740263771469e-01
2.293200542218679430e-02	-6.924146185731616665e-02
2.360038435255275985e-02	2.016989765626595599e-01
2.405409682276205344e-02	4.632197817696193098e-03
2.437303167186479630e-02	-1.750857093048999724e-01
2.504189193016638504e-02	1.130674337472548086e-01
2.549542462729129100e-02	-3.678829047371999783e-01
2.581475961648509523e-02	1.413568111144636319e-02
2.648312694858755145e-02	7.799433347517337189e-02
2.693755271200264784e-02	-3.827425390350954748e-01
2.725591924619345102e-02	2.764147018830365177e-01
2.792480850015381308e-02	6.689560151945395106e-02
2.837832959901520624e-02	-2.491309244241435294e-01
2.869732243943549574e-02	-1.390946041044646142e-01
2.936628708210866495e-02	1.274670929596146696e-01
2.981976758704777894e-02	-1.907602506671500775e-01
3.013893440142070487e-02	-4.713539934785960783e-01
3.080792224062089274e-02	2.667426558261585257e-01
3.126092141762438353e-02	-1.807106030720975198e-01
3.158165399757102698e-02	-1.229056956776315435e-01
3.224916305817381035e-02	3.741624002404317917e-01
3.270249278568730655e-02	-2.701562929791379020e-02
3.302131165215495961e-02	-5.496757006831087811e-02
3.369042707225374661e-02	-2.592209182042393145e-03
3.414380319282128012e-02	-6.966111056498824894e-02
3.446146223293803518e-02	-3.249646405875843413e-01
3.513158090283034773e-02	-1.171685015520431694e-01
3.558531077043490531e-02	2.637223042253711291e-02
3.590367730462570850e-02	-2.499624290661761616e-02
3.657300149346765644e-02	-1.250339408440503952e-01
3.702663277583238821e-02	8.280529279937454135e-02
3.734557342406688574e-02	-1.668465589601521026e-01
3.801454386587180961e-02	4.354257247345851844e-01
3.846802437081092707e-02	-4.785354929130199997e-01
3.878722597997438098e-02	-2.562883701842018080e-01
3.945606304174894413e-02	3.186474176089757471e-01
3.990935797447191929e-02	-1.451919674007933203e-01
4.022871616019273872e-02	-5.135929446238929330e-02
4.089695591139659581e-02	2.414080391314423757e-01
4.135069737726466271e-02	-4.525069482875392346e-01
4.167006716124899840e-02	-2.304405834973439759e-01
4.233867805688514008e-02	6.711316943564415993e-02
4.279233833490864169e-02	5.668636920458247630e-02
4.311066427517716571e-02	-3.412654004706432431e-01
4.377969270829963622e-02	5.521712620021161921e-01
4.423335878545488903e-02	-3.368202215942597277e-01
4.455222404497657940e-02	1.631625212670708702e-01
4.522133946507536639e-02	1.152337607807094599e-01
4.567418206552148474e-02	-3.461834229613052205e-01
4.599446231319127831e-02	4.695282355103702621e-02
4.666270786352688660e-02	4.786879227599663000e-01
4.711622316325652510e-02	2.062618426234197333e-01
4.743523920020383672e-02	1.112188546299139880e-01
4.810412845416419531e-02	2.130008485506906801e-02
4.855757996344453598e-02	-1.399092119007090407e-01
4.887620165943253742e-02	-6.923727210377184083e-02
4.954558383959203199e-02	4.562974309173821741e-01
4.999954567246676918e-02	-2.392386170380825794e-01
5.031781362141774655e-02	-6.573987533271741235e-02
5.098701602849285003e-02	5.365533571297407267e-01
5.144056612301301651e-02	-3.850859953813358105e-01
5.175901964418013618e-02	-2.687573011829428316e-01
5.242817565820120235e-02	3.581778919329356992e-01
5.288177794490716427e-02	-6.498616859691974668e-02
5.320007488951691149e-02	-1.490222999445689478e-01
5.386982821410869759e-02	-6.823001046151999649e-02
5.432318693728096365e-02	-1.346438887680406760e-01
5.464263790910985769e-02	-1.618093529445620016e-01
5.531104583513459655e-02	3.656521129877494669e-01
5.576464232270880034e-02	-3.209840754524461159e-01
5.675243743011312847e-02	1.639518409079945283e-01
5.720613250292716501e-02	-2.249356962423779693e-01
5.819366085027078556e-02	1.701268642789561802e-01
5.864707176562884705e-02	-2.955245025192343444e-02
5.963518582527967821e-02	7.067041982875910122e-02
6.008885770156668915e-02	-1.923486909796101596e-01
6.107651942894067043e-02	2.187942184615447871e-01
6.153034788178505382e-02	-1.926068845417739928e-01
6.251791102391920929e-02	2.396541783710126605e-01
6.297147851583463629e-02	-2.965037943956171373e-01
6.395940120413756702e-02	1.020618489908671211e-01
6.441300928997528707e-02	-1.525451345049990692e-01
6.540072900866680805e-02	-1.164531011343640232e-01
6.585397174920398777e-02	1.538415285060223958e-02
6.684215539843586795e-02	-1.024888022054672998e-01
6.729550252334462468e-02	-1.412540479713825237e-01
6.828339621598879250e-02	2.720509239326553974e-01
6.873707969053931277e-02	-2.748429930229789875e-01
6.972495598578820619e-02	7.505372502333762519e-02
7.017858146902118677e-02	-4.149851989284460974e-01
7.116649255906060123e-02	1.841442832974318211e-01
7.161960191956742716e-02	-1.530372809123922151e-01
7.260769278269124660e-02	4.968148914691206119e-01
7.306115589023509660e-02	-1.941454218968409196e-01
7.404893939937591540e-02	-1.010217151117349665e-01
7.450268086524397537e-02	-3.867350748946458694e-01
7.549044117785778940e-02	2.420648578165296438e-01
7.594389268713812313e-02	-9.884536259658516233e-02
7.693185596936334691e-02	5.988487077022732752e-01
7.738526688472140147e-02	-4.311655290031779497e-02
7.837307938952099706e-02	1.205950859622029192e-02
7.882683825278433143e-02	-1.811642935273165556e-01
7.981430860881040534e-02	3.186920085574109773e-01
8.026762093892864103e-02	-2.679416459483123791e-01
8.125586257947807478e-02	2.685367681474242207e-01
8.170969683145420936e-02	2.178145761049132823e-02
8.269714979008502276e-02	3.689033617380796937e-01
8.315089125595309660e-02	-2.750448493633782521e-01
8.413873275641145510e-02	9.867929635714167702e-02
8.459221326135057950e-02	-1.986827005341701424e-01
8.558030992360614320e-02	4.936103285439976673e-01
8.603337869019068995e-02	-1.012603814297015070e-01
8.702168412118940766e-02	1.550783918034597253e-01
8.747495585738536417e-02	-4.025207195428458506e-01
8.846275096478969924e-02	3.728984413765676909e-01
8.891634165323214489e-02	4.676489498021130231e-03
8.990409616671420079e-02	2.049310721539303604e-01
9.035832475964963861e-02	1.426676054375897174e-02
9.134561534259133531e-02	4.253426339282060376e-01
9.179880589094271959e-02	-1.796176011162438080e-01
9.278702433496513469e-02	3.409805996084369628e-01
9.324024387897529575e-02	-3.118712748742513696e-02
9.422823615685928245e-02	5.688455833038603693e-01
9.468207040883541703e-02	-1.580255565919476135e-01
9.566938998743587663e-02	1.146568466810733433e-01
9.612318364548974592e-02	5.737245314989536382e-03
9.711128610687705387e-02	4.386400138732928777e-01
9.756463323178582447e-02	-3.165312652392497927e-01
9.855249212963945737e-02	-1.433876051467590784e-01
9.900599583110558655e-02	-2.844849626347716320e-01
9.999359376803027000e-02	-6.208925328918812880e-02
1.004474918104557024e-01	-2.793294708985842867e-01
1.014357508484003967e-01	3.373010981922632823e-01
1.018884078766303658e-01	-1.449058670873530907e-01
1.028766959102338369e-01	-1.111992880214984769e-02
1.033297820742136441e-01	-9.288977756750316228e-02
1.043180643086853571e-01	-3.312720782949107878e-02
1.047718231719486776e-01	-1.939601749365633676e-01
1.057595428906402124e-01	2.937254168213399019e-01
1.062130639895016021e-01	-1.106987739094607015e-01
1.072006851229533042e-01	-2.042077883865814902e-01
1.076538466756459117e-01	2.935286598412600867e-02
1.086420999144588478e-01	1.104283379165489354e-01
1.087556005211581106e-01	1.690858601572677866e-01
1.090956152141884933e-01	-2.605857854311233179e-01
1.100836538851265173e-01	4.127628989116254310e-01
1.101969921161366495e-01	-6.723337283718400226e-02
1.105370590013528276e-01	-2.331447701420406027e-01
1.115250512792368004e-01	-1.565598910217393946e-01
1.116380937545274621e-01	1.146594652770385192e-01
1.119785143867806643e-01	-1.236784059384334888e-01
1.129665008655328928e-01	2.319047054717477963e-01
1.130795839347458198e-01	2.621301978785606224e-02
1.134194536494823463e-01	-8.345864233941879817e-02
1.144077822770080827e-01	1.714330199463729443e-01
1.145210103245148797e-01	3.053452493741242169e-01
1.148613207732647468e-01	-9.051538438036021983e-02
1.158490752867468027e-01	2.415090421186696368e-01
1.159623555264393813e-01	-4.387070853828090033e-02
1.163025093986318759e-01	-9.334429101002561513e-02
1.172906698513367374e-01	5.012588732730629548e-01
1.174039384927658136e-01	1.104608833235456444e-01
1.177438546005563774e-01	-4.849881504708719593e-02
1.187318990706261596e-01	-4.361154235475872554e-02
1.188452720964268128e-01	1.400802711875217543e-01
1.191853447807747352e-01	-4.461914185387904075e-01
1.201731456873108284e-01	4.532782645865918170e-01
1.202864549226621838e-01	-1.756109248384815080e-01
1.206269161488376651e-01	-3.726972682361558986e-01
1.216145778762116464e-01	1.767389687250151553e-01
1.217278291202454621e-01	2.063424953791463956e-01
1.220676756384549561e-01	-4.943069971430081866e-01
1.230559868685854458e-01	2.223751110353735516e-01
1.231694642787576760e-01	6.545320404482191101e-02
1.235091194256192904e-01	-2.803899274474425107e-01
1.244974480531450406e-01	1.541463960909490449e-01
1.246106297075977865e-01	1.431748648845521110e-02
1.249511953181448587e-01	-2.387412334387591928e-01
1.259386134819851510e-01	4.976033251081579678e-02
1.260522010756607303e-01	2.710117272220724516e-02
1.263923781443802297e-01	-1.059001593948094566e-01
1.273801674526528205e-01	-1.747143923970418955e-01
1.274935636749804924e-01	2.246444611158002758e-01
1.278338625254668293e-01	-3.059350044407290747e-01
1.288214488641279964e-01	-2.264773641101591739e-02
1.289348682829827009e-01	7.017326068051854548e-02
1.292750337534387117e-01	-1.540009990445948551e-01
1.302628868521605865e-01	1.851903749769954199e-01
1.303763236684105375e-01	3.387108006258450210e-01
1.307156076708398673e-01	9.272948404162706382e-03
1.317041160714499948e-01	1.809535615224102667e-01
1.318175586868317040e-01	1.117180338378991333e-01
1.321578691355815571e-01	-1.154290804779352086e-01
1.331456584438541479e-01	4.837346107308793108e-03
1.332590024739960244e-01	4.890128340019139763e-02
1.335988547913372904e-01	-3.973035037589085494e-01
1.345869050605388306e-01	3.920563887257153546e-01
1.347005854403224567e-01	-9.202459346061742096e-02
1.350405363429035555e-01	-1.375731250316849508e-01
1.360285054242605096e-01	1.919332595872567104e-01
1.361417218735037904e-01	-3.299238754579969513e-02
1.364813422255748698e-01	-1.649562319414239475e-01
1.374698564253167832e-01	-7.065857117662766029e-02
1.375833396346207715e-01	-1.035615287468478751e-01
1.379233427293876380e-01	-5.640471656785175369e-01
1.389118453308660350e-01	-2.782103459976636994e-02
1.390245920504371846e-01	5.862801952398291050e-01
1.393645545512817996e-01	-4.942956249548167147e-01
1.403527845935677032e-01	-1.195788069124222863e-01
1.404663837855067987e-01	-4.623043758801903547e-02
1.408070073873713968e-01	-3.643967305202820972e-01
1.417939326250125531e-01	4.396747451671090268e-02
1.419073404456037413e-01	-1.739594885888028353e-01
1.422475175143232407e-01	-1.823908438773927942e-01
1.432352952243323152e-01	4.306361000656866445e-02
1.433487494379775407e-01	-4.513660084241810644e-03
1.436887583318761652e-01	-4.238171619911902388e-01
1.446768201993412217e-01	7.824489570052461929e-02
1.447902744129864194e-01	-7.924225393336192802e-02
1.451309038139828034e-01	-3.820252681917269966e-01
1.461180088247083508e-01	1.172553168658052591e-01
1.462320197550019962e-01	-1.392806740520455833e-01
1.465710427965023488e-01	-2.522684512925587041e-01
1.475597831623826628e-01	1.097090470134360896e-01
1.476729068255178967e-01	-5.804165209734191144e-02
1.480129737107340471e-01	-4.575254126377216179e-01
1.490007456216113635e-01	3.047827749608098546e-01
1.491142230317836215e-01	9.381559102849945653e-02
1.494551191928406852e-01	-2.825898473262787869e-01
1.504422358018297490e-01	1.417434537105297654e-01
1.505556610198161838e-01	-2.049659093270062016e-01
1.508952697736237469e-01	-2.412282262524034770e-01
1.518835636063589623e-01	-1.036260210246181535e-01
1.519967510599434801e-01	9.854537387778106172e-02
1.523373108713587942e-01	-4.671565337805158036e-01
1.533250421883138315e-01	-1.088447331491070313e-01
1.534382238427665912e-01	-8.828806966698632408e-03
1.537786386758880353e-01	-2.317862425553207650e-01
1.547665381676639473e-01	1.746939200932604574e-01
1.548798879969375819e-01	-8.623151101542991803e-02
1.552191893967621583e-01	-2.528087050486829135e-01
1.562078601730614302e-01	1.303928128229630001e-01
1.563209606396696316e-01	4.449777642792316357e-01
1.566609985292270191e-01	-2.272640769575617892e-01
1.576493387550162717e-01	-1.244003154375117326e-01
1.577626711868946596e-01	2.063484059243247959e-01
1.581028540547459171e-01	-2.594764733632581866e-01
1.590906143673597173e-01	6.053203805875726484e-01
1.592037728252854722e-01	2.913369580330127384e-01
1.595440194835860415e-01	-1.139861592841101556e-01
1.605320523553923073e-01	2.340980414521571795e-01
1.606453325950848721e-01	7.242772217245763144e-02
1.609853124933247337e-01	-2.224561103144636620e-01
1.619742152348941922e-01	4.943361835383575098e-03
1.620870315440464116e-01	3.278235764070820402e-01
1.624271100275261059e-01	-1.350155049440091570e-01
1.634148993357986690e-01	1.304300717026956047e-01
1.635280693919879125e-01	1.739741054709544876e-01
1.638680492902277741e-01	-2.565461896612277748e-01
1.648559719785307187e-01	2.580953037789575077e-01
1.649694783843617119e-01	3.449949820400395328e-01
1.653096206582907179e-01	-3.015941953178136181e-01
1.662971258091073268e-01	1.180417186426536702e-01
1.664111425385327303e-01	-7.012826808517091948e-02
1.667508034845260889e-01	-1.293861969721847860e-01
1.677388421554641129e-01	1.084394768725038816e-01
1.678521455916837102e-01	-6.601467827500306917e-02
1.681920269046837391e-01	-4.034688009162853417e-01
1.691802975408919496e-01	4.678981103111070627e-01
1.692935603831892677e-01	7.143677064221720663e-02
1.696327052064564578e-01	-3.112075848250722698e-01
1.706214745679955624e-01	-1.622701510174007211e-01
1.707351897425697373e-01	1.296991093432808828e-01
1.710751116494920454e-01	-1.198678999069748841e-01
1.720632083117476230e-01	2.936269576130503545e-01
1.721762565861700012e-01	3.582260740986944469e-01
1.725166946158184778e-01	-4.173000751701524402e-01
1.735042635570843983e-01	2.290112317472843273e-01
1.736178163559694287e-01	5.023414874645282246e-02
1.739580920099287609e-01	-3.633052997220075353e-01
1.749456725494581977e-01	-9.290698548384557220e-02
1.750591615578939442e-01	2.116004116260847834e-01
1.753990718665527360e-01	-1.785916352170979771e-01
1.763872729131798767e-01	-1.670646505955352135e-01
1.765003907771833525e-01	2.901738525223207521e-01
1.768414319165342863e-01	-2.326639959228390397e-01
1.778286645081584294e-01	1.899702104177249939e-01
1.779419099530604731e-01	7.815945465503304490e-02
1.782813273355201567e-01	-3.738298858081108289e-01
1.792696385656506186e-01	3.063852060574265845e-01
1.793834059324105890e-01	-2.071447308040661461e-01
1.797229740922958729e-01	-3.640744187654858521e-01
1.807113201172168837e-01	1.066700541703380356e-01
1.808247743308621092e-01	6.373510582357333476e-02
1.811650847796119901e-01	-3.110415540384381394e-02
1.821530248653101813e-01	3.214184906763251082e-01
1.822663804937155740e-01	5.840214809798260909e-02
1.826060530379724489e-01	-4.741998835735211637e-01
1.835947470107987256e-01	2.417464365471673204e-01
1.837074995295016333e-01	1.415529695583219727e-01
1.840477519869339607e-01	-3.246114294003994427e-01
1.850351469542472205e-01	6.989268068345972917e-01
1.851488215348991162e-01	3.358740382082840981e-01
1.854897350933514544e-01	-2.841388590652063062e-01
1.864771648554552630e-01	-3.255433384934391938e-02
1.865899057758946822e-01	1.397999317851954526e-01
1.869299668619791022e-01	-1.701887852160143266e-01
1.879180925198934426e-01	3.081074940322194866e-01
1.880315757291974310e-01	-1.149213171189433780e-03
1.883714918369879809e-01	-3.916750935914151688e-01
1.893595305079260049e-01	1.129828156890666513e-01
1.894728107476185974e-01	4.311578622135558980e-01
1.898132487772670463e-01	-2.410813604272724620e-01
1.908009221029045299e-01	3.533714964474163889e-01
1.909143763165497554e-01	1.831430070173860614e-01
1.912536313233202945e-01	-2.895645150879696539e-01
1.922424992700992319e-01	3.487279146163446697e-02
1.923557911080553129e-01	8.720326213135787263e-02
1.926955912332107834e-01	1.016154157873228048e-01
1.936838560702872358e-01	2.481841425019473135e-01
1.937974088691722663e-01	3.368619222403939073e-01
1.941377831083714312e-01	-2.442530038602620523e-01
1.951248881190969786e-01	6.048924389922838429e-02
1.952386264901981860e-01	3.767235367284038627e-01
1.955786701788873316e-01	-2.265823442022919521e-01
1.965664652862916806e-01	4.902757454273931614e-02
1.966798673077510828e-01	2.554578539228584688e-01
1.970208446566527327e-01	-2.182406945297652445e-01
1.980080018595640756e-01	3.214361474948330688e-01
1.981211429200945284e-01	-1.771232762338971201e-01
1.984606066956082493e-01	-1.298598635737666651e-01
1.994489991135832974e-01	-2.684250269610344297e-02
1.995626388994446720e-01	-5.933553777223621317e-02
1.999027521777148597e-01	-2.922712455116038832e-01
2.008905240885921761e-01	3.146523379704879719e-01
2.010040188961596808e-01	-1.837306672072186453e-01
2.013443699388318409e-01	-3.200981552264781094e-02
2.023321418497091573e-01	-2.234558154369303828e-01
2.024455380720368292e-01	-1.272303325201462609e-02
2.027857093416245704e-01	-1.749972755783054668e-01
2.037736030342687521e-01	1.480676622344774263e-01
2.038867962869850003e-01	-7.320571688044286152e-02
2.042270429452855696e-01	-1.860333108649163680e-01
2.052150468214330725e-01	8.214585433807786163e-01
2.053281878819635531e-01	-4.671772088861969596e-02
2.056681387845446241e-01	-1.841104384391930582e-01
2.066562238485366854e-01	4.358788166535836339e-01
2.067695562804150733e-01	2.273347317933678280e-01
2.071106728084788073e-01	-3.103631250348252157e-01
2.080978010157313596e-01	1.872551004870024460e-01
2.082106521196741278e-01	4.758866236134762229e-01
2.085492866193469352e-01	-4.749765965452984462e-01
2.095389026541221722e-01	-6.202012235570819598e-02
2.096523742651626721e-01	-2.640053724934988688e-01
2.099923715607977803e-01	-1.829864622339231195e-01
2.109801318734115805e-01	3.533061063653153422e-01
2.110938760436445183e-01	2.581181977893955981e-01
2.114332934261042019e-01	-1.659684315074959615e-01
2.124216046562346916e-01	3.332834238114474879e-01
2.125348964941907726e-01	1.405794503955068997e-01
2.128747314141367641e-01	-1.662108386768412771e-01
2.138636109591791901e-01	1.330401385267021563e-01
2.139763344822233626e-01	1.294665032045481112e-01
2.143175379972634131e-01	-6.512425956496064039e-01
2.153045328244856116e-01	6.400788870611417991e-02
2.154180102346578696e-01	1.428323407298668357e-01
2.157576131893336746e-01	-1.774273208315202410e-02
2.167458432316196060e-01	3.970547647039937011e-01
2.168592162574202453e-01	2.166571448858722881e-01
2.171990685747615113e-01	-3.274336024975830206e-01
2.181871594378853307e-01	1.365034305356260802e-02
2.183005962541352818e-01	3.985859699903584463e-01
2.186406631393514599e-01	1.178218313986088006e-01
2.196283248667254273e-01	-2.077068311322425309e-01
2.197417790803706528e-01	3.110718942988244251e-01
2.200811848645668201e-01	-1.873347530595959043e-01
2.210697802521532640e-01	5.705469343133762194e-02
2.211832808588525268e-01	1.704905498500017824e-01
2.215237652815550129e-01	-6.946186101811080427e-03
2.225117285637802367e-01	9.053067461576014274e-02
2.226246724538310517e-01	5.471954807661656428e-01
2.229644087885372383e-01	-2.371381289888944144e-01
2.239526620273501745e-01	1.026202084676646198e-01
2.240662322236304793e-01	-6.201307775267173028e-03
2.244053828460294553e-01	5.499370877270925995e-02
2.253941406093050159e-01	2.309970252931989876e-01
2.255075774255549670e-01	1.410244620755272127e-01
2.258470180045416553e-01	-5.649608194168276309e-02
2.268356075929963689e-01	2.701348716586804422e-02
2.269490038153240408e-01	2.326487608109881755e-01
2.272889663161686280e-01	-4.229839621635933522e-01
2.282769411966573680e-01	-3.120372308438594811e-01
2.283905055938059148e-01	3.687646627713991876e-02
2.287305318850998137e-01	-2.579226733345657552e-01
2.297182516037913347e-01	1.270223805477046497e-01
2.298316072321967274e-01	3.412429081071173265e-01
2.301714943443285144e-01	-1.738340204335582229e-01
2.311596547970333759e-01	3.129340901151840271e-01
2.312734047663980719e-01	3.307571520583258984e-01
2.316148692423670996e-01	-5.822612588162838776e-01
2.326007448371606723e-01	3.325264251264363757e-01
2.327145585969746799e-01	1.845158994734004132e-01
2.330553213780013899e-01	-1.989373028790103470e-01
2.340421654277979879e-01	1.183336546842541637e-01
2.341554456674905804e-01	3.124985053806381696e-01
2.344963534268111605e-01	-2.249169171684565205e-01
2.354835106297225034e-01	9.832967638728029591e-02
2.355972432016919249e-01	-8.309053076130168414e-03
2.359374666634654616e-01	-1.720511306664289641e-01
2.369248500325152329e-01	2.417058857182214915e-01
2.370385884036164126e-01	1.479466831008875438e-01
2.373783537339813621e-01	-3.148829713047293088e-01
2.383667809467469312e-01	4.934008408667855949e-01
2.384798292211693371e-01	-9.517468958966546211e-02
2.398077724016344225e-01	2.934556266199017660e-01
2.399213425979147274e-01	5.813802784698405279e-01
2.412493205731703338e-01	3.086526108951361813e-01
2.413626472059169359e-01	3.187572490054570995e-01
2.426908339499156964e-01	1.827118364874671386e-01
2.428042359713751264e-01	-1.850549167928650096e-02
2.441319819813605463e-01	3.666678289541174252e-01
2.442454014002152507e-01	3.739337712066026498e-02
2.455734431659201411e-01	2.262239233849512310e-01
2.456868393882478130e-01	-1.580275018346647409e-01
2.470146491886825446e-01	-3.647968401813128647e-02
2.471282541797533705e-01	-1.770258644639934875e-01
2.484563365393805401e-01	2.225940256580603016e-01
2.485696747703906861e-01	3.531268447672439859e-01
2.498978093222036512e-01	-1.971654112149345828e-01
2.500108401992308105e-01	2.743968866493193826e-01
2.513389921484390221e-01	1.241759667335866624e-01
2.514523999690301825e-01	1.457527485842571302e-01
2.527803199529682354e-01	2.640984724375776693e-01
2.528937567692182142e-01	9.487897724387739373e-03
2.542217115479468159e-01	1.575879045424042335e-01
2.543350555780886646e-01	3.136694036646425765e-02
2.556632655186144576e-01	1.663466591436657538e-01
2.557766385444151247e-01	-1.721855768649827034e-01
2.571044483448498563e-01	3.294913975857998167e-01
2.572181461220287568e-01	8.132690833447853151e-02
2.585461009007573030e-01	-6.776419964783364502e-02
2.586592593586830580e-01	2.805731819097498914e-01
2.599870865565130362e-01	-5.386828348214089957e-02
2.601008481241412484e-01	-1.502979184622921238e-02
2.614287217150252918e-01	1.775212555653467028e-01
2.615419323651367867e-01	3.202489509012615976e-01
2.628698755456018721e-01	-4.024754434387189939e-02
2.629834109470916559e-01	-1.330119797625590738e-01
2.643113599266884717e-01	9.748746110786044028e-02
2.644249475203640509e-01	1.062541581164877513e-02
2.657530646747817693e-01	8.551913084062845449e-02
2.658663855083966410e-01	4.574439270479524478e-01
2.671946012480541643e-01	4.835429611158525987e-02
2.673076379242130818e-01	4.003434219681119011e-01
2.686357550786307447e-01	3.699997304601743142e-01
2.687490585148503697e-01	7.162927485416936690e-02
2.700769437039978738e-01	-1.233424774846185734e-01
2.701903689219843363e-01	2.191132382671276968e-01
2.715182657093953567e-01	3.278137005594421449e-01
2.716317837134898938e-01	2.777281896191559074e-01
2.729597500904819563e-01	-3.698080846883344819e-02
2.730729781379887533e-01	3.074935455039331522e-01
2.744009329167173550e-01	2.272210099114526649e-01
2.745145205103929342e-01	1.929286253221238479e-01
2.758424810882532663e-01	1.028312791049001973e-02
2.759560048914795338e-01	-8.783267022257779111e-02
2.772837856962555025e-01	2.914135824716956868e-02
2.773972515081641887e-01	1.870498773803621617e-01
2.787251714921022416e-01	1.652458762169441986e-01
2.788385039239806296e-01	1.412525043755779031e-01
2.801665340914220037e-01	5.615217562769170279e-02
2.802799883050672292e-01	-2.389311190547463992e-01
2.816083838178091714e-01	2.558922415849629317e-01
2.817215016818126472e-01	1.597778737565731522e-01
2.830488359534434895e-01	3.345671343705916012e-01
2.831629164733182047e-01	-2.673177349529143321e-02
2.844908248589927413e-01	2.284226461913463346e-01
2.846042964700332134e-01	-1.500725813776768724e-01
2.847182784046680681e-01	-2.594204354096039111e-01
2.859322976418158246e-01	-1.504296082332681195e-01
2.860455604841131705e-01	3.036365780983500962e-01
2.861593104534778664e-01	-6.586526867093434046e-02
2.873736486428720704e-01	1.519585217535524002e-01
2.874869172843011467e-01	4.727667535635688978e-01
2.876009630093853131e-01	3.474590178286618425e-02
2.888149938447965859e-01	-2.408533379343991143e-03
2.889285234471545838e-01	2.410385178322460575e-01
2.890423372069685914e-01	6.785789812813303179e-02
2.902562230640859942e-01	1.582297598219764012e-01
2.903700774178222810e-01	5.641672863719948694e-02
2.904839781646125774e-01	5.795272221332892215e-02
2.916984207383784278e-01	9.534746966811225022e-02
2.918110630735780142e-01	-8.207946525308817964e-02
2.919248420386014731e-01	3.178380470046617834e-01
2.931393310054213330e-01	-1.625754044899095918e-01
2.932521183189147895e-01	3.320167715345907489e-01
2.933667149615156178e-01	-2.302426176423786330e-01
2.945809139717477376e-01	-1.463416058465311087e-01
2.946938520626667946e-01	4.179739048822739278e-01
2.948077992025111560e-01	5.776089135462481039e-02
2.960222649728039834e-01	2.420278982049073324e-01
2.961349826967163978e-01	7.702246028696491109e-02
2.962488428495844150e-01	-1.484102218419721675e-01
2.974632796242184796e-01	3.953670421959407655e-01
2.975766062569651371e-01	3.912060301927344774e-02
2.976904954054919172e-01	3.453377936603916343e-01
2.989045436382984366e-01	4.554918129668905635e-02
2.990180732406564901e-01	1.000297437048831561e-01
2.991323509310108153e-01	2.725813884606109738e-02
3.003460280193850362e-01	5.344544520405758448e-02
3.004594358399762521e-01	2.897631188433735794e-02
3.005733539841617952e-01	8.818284147340671453e-02
3.017872166447521654e-01	1.424795036278196925e-01
3.019007172514514559e-01	-3.527347209711151343e-03
3.020150297365963299e-01	-1.653192441592215012e-01
3.032285038553591550e-01	1.097207932867654279e-01
3.033419174750820457e-01	-1.000937595187135765e-01
3.034560037940885469e-01	8.925392204018045561e-02
3.046701564112666016e-01	1.633111196862802039e-02
3.047833496639829054e-01	2.260369556330394936e-01
3.048975577647561885e-01	-3.766358866248942228e-02
3.061114900149276008e-01	9.028221906962397014e-03
3.062246948659073653e-01	2.889496963171269694e-01
3.063389493597347135e-01	2.856978490305759344e-01
3.075529569986189538e-01	-1.503383314596257181e-01
3.076663474218148675e-01	4.684710709107253734e-02
3.077802133738146706e-01	5.303492417374955359e-02
3.089942848031481670e-01	8.173316479421455227e-02
3.091076926237393829e-01	2.142620273820907695e-01
3.092218949253809357e-01	9.188314202324643354e-02
3.104358967651333900e-01	2.005292871535406807e-01
3.105489798343463170e-01	5.199058203238686726e-01
3.106629501707177110e-01	-3.849633328646253627e-01
3.118767664382540161e-01	3.124446371207838524e-01
3.119904352197741537e-01	-1.733779358334568421e-01
3.121044751457265898e-01	1.616809944870165605e-01
3.133183204089217133e-01	5.541102200887684237e-01
3.134317920199621854e-01	1.080421984560766546e-01
3.135459943216037382e-01	2.603109352335846172e-01
3.147599555674339133e-01	-1.743328885709904963e-02
3.148732010123359570e-01	2.378908158480805835e-01
3.149873221261329514e-01	6.378485914691101044e-02
3.162009760179801399e-01	4.160759583291784303e-02
3.163146737951590959e-01	2.482719776923212329e-01
3.164291602542566029e-01	-8.577258336828053054e-02
3.176427271591275026e-01	-4.228219340879346699e-02
3.177561929710361888e-01	3.497546917003513389e-01
3.178700125299819823e-01	-1.035313774847348434e-01
3.190838461949135341e-01	-2.231412728505588472e-02
3.191977005486498209e-01	-1.563679853460077096e-01
3.193114215223557539e-01	-1.558239159214771519e-01
3.205250580168076957e-01	8.457434141640240988e-02
3.206388833748852196e-01	-1.294664756427735819e-01
3.207527667242802694e-01	1.622042647778809688e-01
3.219661074630127406e-01	-2.919968796690397550e-02
3.220800777993840791e-01	9.105865837936200080e-02
3.221941119262047848e-01	-2.297105189422601335e-01
3.234083109364369046e-01	1.961867572389912606e-01
3.235212200316971987e-01	-2.695210964150185351e-02
3.236353179489671605e-01	-1.343686369235894684e-01
3.248496387409661179e-01	2.433805900634762320e-01
3.249631161511383759e-01	2.162957786426815687e-01
3.250767501378679647e-01	2.188299061836984638e-01
3.262907751741474516e-01	-3.701926442100744730e-02
3.264043221739007516e-01	3.198292273765619420e-01
3.265180373484749543e-01	-1.844774159594519958e-01
3.277319232055923015e-01	2.103939870564264236e-01
3.278456731749569975e-01	-9.537024949730410484e-03
3.279597420965681964e-01	3.735990280227865501e-01
3.291736685476078783e-01	-6.110750425333955071e-02
3.292870473725402758e-01	1.953382573292550273e-01
3.294009771149893906e-01	1.680181463567347322e-01
3.306151007365086825e-01	5.842213604678292427e-03
3.307280620239547719e-01	1.547416403623413927e-01
3.308423455134408830e-01	9.497892099027427371e-02
3.320566431089128634e-01	-1.574502136498904248e-01
3.321696855842035112e-01	6.629586822640720634e-02
3.322837950997369894e-01	1.449266189657660853e-01
3.334977157516448854e-01	1.417816852116209336e-01
3.336111467687630783e-01	2.882085588419618372e-01
3.337253838651951798e-01	-1.946031524715491345e-01
3.349386608134783394e-01	3.619272724528650453e-01
3.350525557611369054e-01	1.595770018399766954e-02
3.351669378358628215e-01	-8.234865691830561829e-02
3.363811020513044481e-01	1.219102826875111401e-01
3.364937443865040345e-01	3.911300042902730034e-01
3.366080336751218760e-01	2.465421331977430963e-01
3.378220065192155674e-01	-1.351237651829112485e-01
3.379354317372020300e-01	7.818474281035348028e-02
3.380492918900700472e-01	2.576136317554249544e-01
3.392632763324272549e-01	6.624304740493869303e-02
3.393770436991872530e-01	2.536134645590617520e-01
3.394908226642107119e-01	2.736922598836115661e-01
3.407046215343517703e-01	3.974427776114453081e-02
3.408181221410510053e-01	4.944063817174033648e-01
3.409321504687399251e-01	1.874647377982694429e-01
3.421458681510364253e-01	1.548493020650230090e-01
3.422593803559992320e-01	-9.307263038289814716e-02
3.423732347097355189e-01	2.806295939485419222e-01
3.435884949610786832e-01	3.350410254232560892e-01
3.437010039162479158e-01	4.548563053322187688e-01
3.438148640691159885e-01	-2.364676818023447868e-02
3.450289065027907220e-01	2.082128462515115963e-01
3.451423201225136683e-01	8.492628071411867374e-02
3.452563600484661044e-01	2.344534223331418143e-01
3.464702807003740004e-01	4.131298016148567953e-01
3.465836479270428816e-01	2.405733803718077546e-01
3.466976530582047689e-01	6.075608512953549756e-01
3.479117070901430742e-01	5.727839634378906197e-02
3.480250395220214066e-01	2.737372997342120140e-01
3.481390968453691448e-01	2.530460522219275532e-01
3.493525187719461189e-01	-2.634482849061701160e-01
3.494661991517297728e-01	-2.016578744527460776e-01
3.495805870255874748e-01	-7.345021892656034002e-02
3.507930462962932650e-01	3.123241935088305610e-02
3.509081358650932292e-01	5.776163952490054321e-02
3.510218626379309481e-01	4.375949498249376290e-03
3.523491273199807483e-01	2.012248610589122411e-01
3.524635035955749340e-01	4.364194562972900648e-02
3.537903159453478774e-01	3.061230471928011454e-01
3.539045994348339885e-01	-2.310076217493403083e-01
3.552316263524818440e-01	1.641848211318654993e-01
3.553459620341537506e-01	-2.555845664057970756e-01
3.566733600962339046e-01	1.823341601322647776e-01
3.567872840395512335e-01	4.910276447520840470e-01
3.581146241103138061e-01	1.489222971404748908e-01
3.582290351806985407e-01	7.188918920796760759e-02
3.595558359322079678e-01	1.312098147640896606e-01
3.596696496920219754e-01	1.173159186581416158e-01
3.609975870733552750e-01	-8.647706049993353350e-02
3.611115574097266689e-01	2.546757167165818458e-01
3.624384625456076869e-01	-1.815834067133514917e-02
3.625530823847355477e-01	2.240012591297317890e-01
3.638798715379814586e-01	-6.871100913180439029e-02
3.639942130187850955e-01	-1.661839793639414697e-01
3.653218256487401616e-01	2.915443508334527589e-01
3.654357031990034810e-01	-7.528935929598246091e-03
3.667632172437187421e-01	-7.300333682085058395e-02
3.668769324182928893e-01	-1.865542500254824265e-02
3.682044174673493875e-01	-3.344039190692316144e-02
3.683181790349775442e-01	1.435805858226515408e-01
3.696459250449629641e-01	5.090165012283336399e-01
3.697598025952262835e-01	2.098577852222360818e-02
3.710869628929044928e-01	1.596103584318309121e-01
3.712011188014920360e-01	3.381417423141039880e-01
3.725285690557579299e-01	3.136092389720273044e-01
3.726433512705749629e-01	-1.310482572397793088e-01
3.739700882316350783e-01	4.887367591701585745e-02
3.740838845940538393e-01	1.975027139370204576e-01
3.754112478613434445e-01	8.662028785248798712e-02
3.755254095690627181e-01	2.633227694956725706e-01
3.768526452554537554e-01	-3.206622756143984176e-02
3.769661922552069999e-01	-1.180034595797880836e-01
3.782935149285743814e-01	3.017342803552098829e-01
3.784081115711752097e-01	5.119420084430426066e-02
3.797354110480155587e-01	-1.234877721521705496e-01
3.798494219783091763e-01	-6.075982952619529698e-02
3.811767446516765578e-01	-1.902270179091736235e-02
3.812909237567910781e-01	-6.644016271082608949e-02
3.826178694865943752e-01	3.409603990109915106e-01
3.827321703734757330e-01	2.614462088100186765e-01
3.840596844181909941e-01	7.245031691478542868e-02
3.841736663528258489e-01	-1.585973713312638367e-02
3.855009310348756491e-01	1.080818514806918262e-01
3.856148897729835268e-01	-7.274798630573464653e-02
3.869422994333271970e-01	-9.873358595738701560e-02
3.870562059792492238e-01	-1.421005278213742784e-01
3.883837548187550337e-01	1.491549032792076623e-01
3.884979861160553494e-01	2.488940064595857038e-01
3.898251000206794936e-01	2.010880955325038411e-01
3.899391921388177251e-01	7.166765598931590375e-02
3.912664104278134602e-01	2.447160740057026107e-01
3.913804155589754030e-01	2.072319202029664353e-01
3.927078310184508037e-01	3.703697754785637564e-01
3.928217955556904117e-01	3.535913088744340183e-01
3.941493038012738870e-01	1.743898636931928703e-01
3.942632625393817647e-01	-1.366257368186629684e-03
3.955906200075396395e-01	-1.721035774027596110e-01
3.957043467803773029e-01	-6.643904045541249026e-02
3.970321043886262391e-01	1.807304571461794129e-01
3.971463646815853177e-01	6.882962168228612398e-02
3.984734089966284198e-01	5.588890829081394340e-01
3.985874605208443722e-01	3.063395676706055504e-01
3.999147310020259027e-01	-3.374047120208611972e-03
4.000289854958532509e-01	-3.550429442962665938e-02
4.013561283961362136e-01	1.557509220643378267e-01
4.014701973177474126e-01	3.051893306886563906e-01
4.027974793971924594e-01	2.147556701300632476e-01
4.029117048953610447e-01	1.759335004085782472e-02
4.042388419965122215e-01	-1.536669292140246945e-02
4.043528239311471317e-01	1.057359635810553034e-01
4.056803321767306070e-01	1.960406945939796586e-03
4.057941459365446146e-01	-1.061760845925087127e-01
4.071216889769185832e-01	2.650942870746104685e-01
4.072357463002663214e-01	2.095258850854653243e-01
4.085630747727653778e-01	2.056678702414960203e-01
4.086770335108732555e-01	-2.098578954920717887e-01
4.100043503851088511e-01	6.311895649443173273e-01
4.101183903110612872e-01	6.524694530223973388e-03
4.114452664512834867e-01	-2.304735778065047924e-01
4.115597877051715425e-01	-1.809147039233238718e-01
4.128872031646469432e-01	1.344812641118655616e-01
4.130012720862581421e-01	-7.604786612398917178e-02
4.143281888204026764e-01	-7.837145854940807954e-02
4.144425476986016155e-01	9.173799698974960393e-02
4.157700327476580582e-01	-1.251306044436781839e-01
4.158841596605868385e-01	-1.546369437789884005e-01
4.172112155738934569e-01	1.367086418398222314e-01
4.173253424868221817e-01	-1.090412026635206866e-01
4.186527173523753032e-01	1.640367582342929786e-01
4.187665485095845574e-01	-1.536039450792505701e-01
4.200941263447491303e-01	6.223375253121132822e-02
4.202081662707015663e-01	1.397009488577127811e-01
4.215356049267039995e-01	6.098730085179981941e-02
4.216495288700213284e-01	2.040742675541333817e-01
4.229767181633583006e-01	6.277767232168662837e-02
4.230906653032026621e-01	1.206812633755249831e-01
4.244183127279482215e-01	7.827212909856195999e-02
4.245322308721338200e-01	-1.655977131358582488e-01
4.258597159211902627e-01	2.781241213290863712e-01
4.259737442488791825e-01	3.283613612012963312e-01
4.273014322675470766e-01	-1.703877236923382332e-01
4.274150372586179025e-01	-2.564122671818671595e-01
4.287422613467454235e-01	3.943023958935383266e-01
4.288563012726978596e-01	1.593692979689820266e-01
4.301838965052576236e-01	-8.996547922767872407e-02
4.302977566581256963e-01	-9.112723803187439131e-02
4.316252533054456553e-01	1.886046500304130458e-01
4.317393802183743801e-01	-4.003510257431500685e-01
4.330666275030289336e-01	1.696165373338622828e-01
4.331804818567652204e-01	-4.464568311708383419e-04
4.345074681804907968e-01	4.183262930821556314e-01
4.346226157406083423e-01	-1.172855153831714459e-01
4.359493063086143927e-01	2.714781247695357003e-01
4.360631200684284003e-01	-7.568103823778538075e-02
4.373908254844915411e-01	-1.090005770175470623e-01
4.375047842225994188e-01	-6.510077648072098988e-03
4.388314805897372550e-01	-1.099274103551550752e-01
4.389462280097637392e-01	2.907282466966567558e-01
4.402735796787898281e-01	2.127294005722022430e-01
4.403873470455498262e-01	3.560090959375707964e-01
4.417149248807143436e-01	-7.906935178263441166e-02
4.418288662214269746e-01	-2.152553454954390100e-01
4.431570471662939492e-01	2.799583355771326776e-01
4.432704375894898630e-01	3.811669199961253973e-01
4.445975630923775790e-01	-3.902234070029186874e-02
4.447115972191982292e-01	5.383820349177463882e-01
4.460388039099305035e-01	1.394946783126864709e-01
4.461531047968118613e-01	-6.449776304090548695e-02
4.474805376536825641e-01	2.423674178760457654e-01
4.475941716404121529e-01	1.775761712635872680e-01
4.489217552747084561e-01	3.901460107435972269e-01
4.490357430084750967e-01	-6.662570893921393456e-02
4.503631758653457440e-01	1.653304194581046715e-01
4.504771925947711475e-01	4.059014293126566031e-01
4.518043818881081197e-01	1.515714184528758057e-01
4.519182710366349554e-01	1.341948645303057130e-01
4.532459358587758169e-01	7.255117026795754320e-02
4.533596684307452107e-01	3.460741546482348774e-02
4.546871186850111601e-01	-1.216780230721417055e-01
4.548016921310850114e-01	-9.276243898656932885e-02
4.561287190487328669e-01	1.197040781783584862e-01
4.562429561451649684e-01	-2.002800440729115561e-01
4.575701628358971873e-01	2.893978503123055823e-01
4.576841215740050650e-01	-2.249750381964377155e-02
4.590106729628490312e-01	2.993711097222033768e-01
4.591253044002404637e-01	2.224934715729984802e-01
4.604526966631888318e-01	3.955177354919237054e-02
4.605666901960872028e-01	2.875220377969269769e-01
4.606793383304185752e-01	-2.111990655283941809e-01
4.618940650616403243e-01	1.965410158645621852e-01
4.620081223849880625e-01	1.468139651058342210e-02
4.621208923010862168e-01	-1.650368846971506098e-01
4.633356016349127748e-01	-7.170339096672251333e-02
4.634494617877807920e-01	1.397063474861415244e-02
4.635618953542371967e-01	-4.695900580255130130e-02
4.647770628194723419e-01	-1.458912073405252974e-01
4.648910215575802196e-01	-1.027084649984294495e-01
4.650032637526887447e-01	2.687634637409785920e-01
4.662184544144508669e-01	3.518097658138010786e-01
4.663325697291161309e-01	-1.285092665919699284e-01
4.664448351207516330e-01	-1.214757178295770013e-01
4.676595328563146747e-01	-3.873076694138610776e-03
4.677737235596927112e-01	-1.861423192740943033e-01
4.678868530219596478e-01	3.426176079742382363e-02
4.691011506174316281e-01	3.441528415776473615e-01
4.692152775303603529e-01	2.614007318596978102e-02
4.693277052976850272e-01	-2.159076751588717702e-01
4.705426407976500136e-01	-1.296161845149526037e-01
4.706565763392308588e-01	5.747915917534129893e-01
4.707688533291298771e-01	-1.452249617099635737e-01
4.719832553089734484e-01	-1.735854664655078761e-02
4.720984840569354968e-01	-1.975962824767431014e-01
4.722104246971928210e-01	6.715777218652352332e-03
4.734255399702421707e-01	1.704390757350295882e-01
4.735392551448163179e-01	1.081088604276467802e-01
4.736515205364518755e-01	3.674095649655031437e-01
4.748670707443827799e-01	1.515303439047366307e-01
4.749805887484773170e-01	-3.016927293431308499e-01
4.750928889349033679e-01	-3.588040080749421712e-01
4.763078882253176660e-01	-2.485857957587822575e-02
4.764220615313004004e-01	-1.839572879837456654e-01
4.765346400760507306e-01	-2.682981490847106132e-01
4.777491986324516327e-01	-1.914076424067627791e-01
4.778631109775054453e-01	-1.460644087593631069e-01
4.779759620814482135e-01	-3.014193361219241751e-02
4.791906134239571902e-01	-1.465091841858567889e-02
4.793049085117068175e-01	3.235444913319167615e-01
4.794172550911868780e-01	1.000801703814691024e-01
4.806315352892636117e-01	-9.949387659161146313e-02
4.807462711110265796e-01	2.442287907051019502e-01
4.808587336731417472e-01	5.837296945722170172e-02
4.820732110416980909e-01	9.125961691543027499e-02
4.821873379546268157e-01	5.440512321677126728e-02
4.823001252681202722e-01	-2.502938054837527959e-01
4.835150839646122356e-01	1.275696671044210806e-01
4.836290253053248667e-01	-7.990243938468999385e-02
4.837414356752542388e-01	7.185447410717227257e-02
4.849556578820133912e-01	9.022145584078988811e-02
4.850700921489251582e-01	4.588608237186253547e-02
4.851830070433171826e-01	7.467574940002519313e-02
4.863981107181030161e-01	2.837511099730558595e-01
4.865119186787852379e-01	1.769173325187556323e-01
4.866241260791032697e-01	6.329967072308262388e-02
4.878390151860141910e-01	8.753619790406985679e-02
4.879532058893922275e-01	-4.605798433945695880e-02
4.880657148445614602e-01	-3.712146448067576987e-02
4.892802618026988459e-01	1.420799058835378048e-01
4.893943655191005937e-01	4.803782008494006384e-02
4.895069440638508684e-01	-1.413412098085081725e-01
4.907216475985456405e-01	1.760605279189586536e-01
4.908361978480924592e-01	2.434014640141699548e-01
4.909484342440691984e-01	-1.656952627373742271e-02
4.921631145822369935e-01	5.750000437946822807e-02
4.922774096699866209e-01	-4.391664619321256069e-02
4.923898606338382722e-01	1.946051252760405692e-01
4.936044191902391742e-01	2.030313930067553230e-01
4.937187896667016296e-01	1.071977386658296005e-01
4.938312348314215505e-01	3.115236513137698005e-02
4.950463153096803515e-01	-3.224818257250405829e-02
4.951595839511094277e-01	-2.737999688415460042e-01
4.952727250116399360e-01	4.521482400045329086e-02
4.964870979958246888e-01	-5.546487885060669143e-02
4.966013756861790696e-01	-3.250909317301322599e-01
4.967138556456894838e-01	8.933300363832819002e-02
4.979291738883502294e-01	-4.078673885916539454e-03
4.980426860933130362e-01	1.328597546732170898e-01
4.981550732667154313e-01	-1.034469838776294059e-01
4.993705770815923262e-01	1.794501133532764303e-01
4.994842574613759245e-01	9.859849396735986815e-02
4.995964764599574726e-01	-2.226797384098875288e-01
5.008113191738143843e-01	-7.291550163047677557e-02
5.009255272745876120e-01	4.948425767906128314e-02
5.010382913915540914e-01	-1.744926347273073608e-01
5.022530529175663894e-01	3.463184952578537423e-01
5.023669478652249554e-01	-1.285172720139204916e-01
5.024794278247354251e-01	1.120337616942688186e-01
5.036935166514642237e-01	1.453692483033486305e-02
5.038084380454432853e-01	-1.990995061947944400e-01
5.039209470006125180e-01	2.347490992261209719e-01
5.051356273387802576e-01	-2.972445459831996040e-02
5.052495918760199212e-01	3.696913346725070326e-01
5.053623791895133222e-01	-2.163073477201812311e-01
5.065769551433095819e-01	2.173140501904313737e-02
5.066909196805491344e-01	3.485779694906403492e-01
5.068036084088027859e-01	-9.902140706247075652e-02
5.080195181629024725e-01	2.792662780720573945e-01
5.081325142451390553e-01	-1.355732658845861804e-01
5.082443678984200908e-01	-2.184557934840454241e-01
5.094598601150334138e-01	4.953124277237885842e-02
5.095737840583507428e-01	2.122796754194447022e-01
5.096865249787901897e-01	-2.813780989452185910e-02
5.109014430813598739e-01	1.540930515502876297e-01
5.110151756533293232e-01	-1.152022352503256908e-01
5.111278759798464355e-01	-9.509433610204898191e-02
5.123426433049905748e-01	-5.149441401419119213e-02
5.124563352830376894e-01	2.171868612435523538e-02
5.125691109982676297e-01	-3.040504383331243954e-01
5.137839305155974534e-01	2.345779178670279741e-01
5.138979472450229125e-01	4.260179324191044614e-01
5.140105547854318946e-01	1.532307104904497841e-01
5.152255250801873743e-01	1.240928450159499707e-01
5.153395360104811029e-01	2.455799232085364991e-02
5.154520913587042896e-01	7.365329990117519543e-02
5.166662845698046791e-01	3.432469570077605336e-01
5.167807652297704557e-01	-1.541225649119615237e-02
5.168932683858079580e-01	3.769212151177026016e-02
5.181074152038542824e-01	4.756181801185348501e-01
5.182219596542693152e-01	-1.194278261507744077e-01
5.183345555964149476e-01	-7.296944470735877708e-02
5.195490387641029661e-01	4.924850922517021168e-02
5.196633802449066586e-01	-3.449282925066951000e-01
5.197765792967546927e-01	-6.653293582501995651e-02
5.209913524210305624e-01	-2.707384560731477263e-01
5.211048066346757324e-01	3.757480841253157955e-02
5.212173561837672997e-01	2.687782775124385459e-01
5.224321467054383605e-01	2.661224226675558135e-01
5.225463838018704621e-01	3.814296891994151117e-02
5.226587999709315646e-01	-1.177657658831798848e-01
5.238730685707447821e-01	2.220514525740810985e-01
5.239877695977172012e-01	-9.747185980190531396e-03
5.241003191468087685e-01	4.070792107631970858e-02
5.253149124980001083e-01	2.986361072432994757e-01
5.254291669918275121e-01	1.604721009554481714e-01
5.255410264442401669e-01	-1.577509032837173253e-01
5.267568434122318344e-01	3.023361203274732567e-02
5.268703324206676086e-01	3.382883836881525053e-01
5.269827775853875851e-01	-2.137727712769986743e-01
5.283118979895987666e-01	6.896399306381217897e-02
5.284246447091699439e-01	2.310466289824817387e-01
5.297531852002057562e-01	-8.659983524218517470e-02
5.298653810022602162e-01	-4.328085109287405086e-02
5.311944318168904111e-01	4.072089316865696862e-01
5.313071959338568906e-01	-1.396443596230909634e-01
5.326360031849532994e-01	-3.272682568666406278e-01
5.327485933279670904e-01	-2.006078804853039799e-02
5.340773077929555912e-01	2.192722992677536009e-01
5.341901762942935505e-01	1.439537731561990608e-01
5.355185428113766744e-01	-1.682045628276789273e-01
5.356314925005593031e-01	3.918000773916840984e-02
5.369603519438416184e-01	1.410342631061396457e-01
5.370725941389501434e-01	1.865905008310473345e-01
5.384015869622627015e-01	-4.734610910322800681e-02
5.385139857339286129e-01	7.857311800049915362e-02
5.398423754475387693e-01	2.863572863116283784e-01
5.399554063245659563e-01	-2.424475941678325697e-01
5.412841787808718719e-01	5.987537018796951216e-02
5.413969660943653839e-01	-9.984611515743790910e-02
5.427253906027660335e-01	-6.873337942304935666e-02
5.428381953136547367e-01	2.296578753166214071e-01
5.441671359447816103e-01	9.420127280565226968e-02
5.442797956773764989e-01	4.589984870493646341e-02
5.456086261249999403e-01	4.910800284738314758e-02
5.457206363548383621e-01	1.567688825415329834e-01
5.470498785408164366e-01	4.119325913420346374e-02
5.471618829715230170e-01	-1.614596581576729362e-01
5.484912237427409520e-01	6.478688359723250301e-02
5.486039762614438597e-01	-4.072749557577004520e-02
5.499325515472701653e-01	9.901350401932229595e-02
5.500452576729190080e-01	-1.203759075242140097e-01
5.513739257448534437e-01	6.262332479379817407e-02
5.514866086739752538e-01	-2.580396753632507867e-02
5.528149751910584886e-01	4.435729997694699556e-01
5.529278088976059546e-01	3.632464462830800045e-01
5.542574744202021231e-01	1.818830882730109177e-01
5.543694788509087035e-01	-1.978772952323175627e-01
5.556979439532316878e-01	2.208433072127884422e-01
5.558104703057961116e-01	-1.473919070868023873e-03
5.571394457317134785e-01	-3.694160434638382728e-02
5.572519256912239483e-01	3.939615413183483739e-02
5.585809069162731566e-01	3.539251424514766597e-01
5.586933346835978309e-01	-2.287259268593636596e-01
5.600221013407720161e-01	-9.620454597424510368e-02
5.601347088811811092e-01	7.610251011589386216e-02
5.614636379140444111e-01	6.559708899129379489e-03
5.615760018909198292e-01	-1.444458171847901040e-01
5.629050932994722478e-01	2.086951286137073147e-02
5.630175732589827176e-01	3.631683491087356330e-02
5.643460615578327344e-01	8.497992452289038212e-02
5.644588836661166287e-01	-1.789428263445385081e-01
5.657874415545477431e-01	2.428758743954504418e-01
5.659006348072640469e-01	-1.859295396476688955e-01
5.672291347043775245e-01	8.929297652857526302e-02
5.673418350308946367e-01	7.372595903739620482e-03
5.686704741071701985e-01	-7.431712382508015580e-02
5.687830526519205288e-01	2.352103462011252422e-01
5.701118541038853182e-01	-1.866485194802269820e-02
5.702244210503720767e-01	-8.887576922103834764e-02
5.715531761092828011e-01	6.767863653006145341e-02
5.716659112305904067e-01	3.704615129568167298e-02
5.729943879311768518e-01	1.107346388274439430e-01
5.731069200828731169e-01	8.572801998161994064e-02
5.744360752818749027e-01	2.521764539104149883e-01
5.745485842370441354e-01	6.889059755976045807e-02
5.758772581081103015e-01	2.055577395769045967e-01
5.759898830459145858e-01	1.381431087095312815e-01
5.773188584718319527e-01	5.102466545981765300e-02
5.774313558287377246e-01	-1.061190740174960956e-01
5.787601920754930074e-01	1.419917714250535923e-01
5.788728808037465479e-01	-4.045974531857787770e-01
5.802014792860998860e-01	2.529267938799719673e-01
5.803141912108805700e-01	-1.934688515164736389e-01
5.816426273175447914e-01	7.361028011031933715e-02
5.817554552249605271e-01	2.154547604357028856e-01
5.830842334803982840e-01	-3.167583231154991186e-02
5.831969106103883638e-01	-1.769050349644587516e-01
5.845253525161843156e-01	1.625412406700821322e-01
5.846382036201270838e-01	-5.775083831115512822e-02
5.859670978581998924e-01	-9.118125592578407712e-02
5.860795546211833296e-01	-2.113855095611127943e-01
5.874080371209015050e-01	-3.218518663528524559e-02
5.875210737970604225e-01	2.598746023287630269e-01
5.888498520524981794e-01	-6.400816041245005472e-02
5.889624943876977659e-01	-2.527395741152029807e-01
5.902912204509497274e-01	1.483626775766522243e-02
5.904042803236355663e-01	-5.833313923677696522e-02
5.917328672077254437e-01	-1.586952438057779302e-01
5.918450978045703970e-01	8.258354693208458386e-03
5.931741138244100986e-01	1.697090111799457457e-01
5.932865009978124382e-01	1.263633173517901831e-01
5.946152618558548930e-01	-2.318808112781765018e-01
5.947280491693484050e-01	8.920222347412587460e-02
5.960564968742760872e-01	-4.550082193510063266e-02
5.961692783886377578e-01	5.695584033074130303e-04
5.974982944084774594e-01	-9.582769260634627084e-02
5.976106525862210361e-01	2.887551720454302195e-01
5.989397149991148028e-01	-9.862502645037463100e-02
5.990518702072469281e-01	-2.164420931868450415e-01
6.003809500175358860e-01	1.001321682156344206e-01
6.004934241779146253e-01	1.121810764215651623e-01
6.018222952194604014e-01	1.819962864357329568e-01
6.019347577815756800e-01	2.280998107173570766e-01
6.032635418361450563e-01	1.146168195713201943e-01
6.033761957696082145e-01	1.465957868509804030e-01
6.047050610120222602e-01	3.899139283240573572e-01
6.048176221593772883e-01	2.378469730699210860e-01
6.061461394538860681e-01	-7.083611198306483114e-02
6.062589789595652645e-01	-2.248884118809502120e-01
6.075881225603034785e-01	-6.902972966927689580e-02
6.077003183623580496e-01	-2.788933624448526327e-01
6.090291256134545694e-01	-3.138981547707502262e-01
6.091416693634142954e-01	-7.637002824473027029e-02
6.104704070249297176e-01	-3.002150930485104618e-01
6.105832407314771837e-01	7.080269633351310432e-02
6.119119435982021127e-01	1.240209576548934045e-02
6.120248410951989460e-01	-1.366231732325561277e-01
6.133535149662650010e-01	-7.824614002821872472e-02
6.134657803579005586e-01	-1.252444011426209203e-01
6.147943034515410687e-01	2.317532758079343669e-01
6.149071371580886458e-01	1.851847636999273128e-01
6.162362169683776036e-01	-3.333253686021429019e-01
6.163483663773779986e-01	-2.756163766370292034e-01
6.176772374189237746e-01	-1.305931452610361587e-01
6.177899725402314912e-01	-1.007071095107791026e-01
6.191186928043516113e-01	-2.043023571094371160e-01
6.192315613056896817e-01	9.302866553245814352e-02
6.205605135350800161e-01	-8.638084580247107347e-02
6.206723671883609406e-01	-5.506991976203456929e-02
6.220017833482917036e-01	2.357156604053718407e-01
6.221144836748088158e-01	-2.490029873069891098e-01
6.234430821571621539e-01	2.662853741536157504e-01
6.235552199678990881e-01	-7.916706282064833733e-02
6.248838532450429195e-01	2.938889668436204250e-01
6.249970522968909536e-01	1.917996363760063883e-01
6.263249896782242532e-01	-7.093053107186542139e-02
6.264383511057614040e-01	-6.691382931240807963e-02
6.277670191776958397e-01	3.594213509312440546e-01
6.278794991372063095e-01	-1.296901983623977017e-03
6.292083933752791181e-01	2.077663382309395956e-01
6.293213256670664446e-01	-2.115087332055299862e-01
6.306499299485515131e-01	-3.438763849061610145e-03
6.307619865714438889e-01	-2.182409189808479644e-01
6.320908866086484279e-01	1.801380559218350719e-01
6.322039464813343779e-01	2.147455816337551227e-02
6.335332408594982478e-01	4.746808841995098227e-02
6.336450365214616465e-01	6.744505776997011814e-02
6.349740931352235718e-01	3.401701815657369732e-01
6.350866368851834087e-01	6.556011757722757238e-02
6.364153223545130356e-01	2.771884595822247110e-01
6.365279356940538591e-01	1.595868658851722355e-01
6.366413667111719965e-01	7.568420811471798793e-02
6.378571720809002032e-01	5.318560566728702810e-02
6.379694026777451565e-01	6.612745509733408689e-02
6.380829090835762329e-01	3.688716511208323112e-02
6.392983027149496955e-01	-2.735731236139363753e-01
6.394106202987710486e-01	-9.316054039029952882e-02
6.395237555601698265e-01	-2.850190065776070369e-01
6.407397117073235782e-01	-5.467077091991812132e-02
6.408521452737799828e-01	-4.137596960167558846e-01
6.409653791204185103e-01	-2.807674541685895031e-01
6.421809931187987264e-01	-1.482792172266870212e-01
6.422935078730996894e-01	-5.246576348320663996e-02
6.424070316763259569e-01	-4.004582385436661340e-01
6.436223151241962093e-01	5.645062075069118279e-02
6.437348356776290137e-01	1.945544741483717921e-01
6.438482492973519600e-01	-2.373589140372702744e-01
6.450633993651917475e-01	-8.227152056287501125e-02
6.451763084604520415e-01	3.929532952522931666e-01
6.452900294341580301e-01	-4.849956321736292875e-02
6.465049533358594447e-01	-8.554985307718765419e-02
6.466175782736637290e-01	-1.141750722787387984e-01
6.467308237185658282e-01	-1.869763046804807649e-01
6.479465594987129373e-01	-5.358061201111230520e-02
6.480591728382537609e-01	-5.160574175122389917e-02
6.481729112093549405e-01	-2.889913418397120903e-01
6.493879220980326439e-01	1.142521613789162505e-01
6.495000889044283410e-01	-1.971827687653321393e-01
6.496139838520869070e-01	-8.297869110752054134e-02
6.508296036495989645e-01	-3.334083406857244469e-01
6.509417414603358987e-01	-2.561891628056364167e-01
6.510554102418559808e-01	-1.644446331068614153e-01
6.522697484312501848e-01	-1.290289456655107081e-01
6.523831736492367028e-01	1.022430558316556048e-01
6.524965002819832494e-01	-2.616295577828320340e-01
6.537119866994649531e-01	1.916955658906487336e-01
6.538245942398739352e-01	-1.425789827127209586e-01
6.539375845229788986e-01	-8.677056769911295486e-02
6.551536044605819065e-01	-1.768359788480063921e-01
6.552656784808695845e-01	-1.043352116290082732e-01
6.553793066684674429e-01	-3.801355771177333809e-01
6.565945263258883280e-01	2.303352056697094419e-02
6.567070236827939889e-01	-6.570186828270907498e-02
6.568205822808108607e-01	-5.495607187141697825e-01
6.580363412574848914e-01	-2.010731045652142113e-01
6.581485254612758906e-01	-7.647020824465400324e-02
6.582619622775258694e-01	-3.147771052107096734e-01
6.594775240837202901e-01	3.667042018319643937e-02
6.595894705231093447e-01	-1.487484578211983877e-02
6.597032552872645894e-01	-2.310252037508205847e-01
6.609187707004049450e-01	-4.842145424057375802e-02
6.610314304329998336e-01	-1.249110046652990302e-02
6.611447628648782215e-01	-2.121452764761442289e-01
6.623597099631066687e-01	-2.507445780748964737e-01
6.624728974166911311e-01	-8.751297706374672192e-02
6.625862704424918537e-01	-2.906484641834865545e-01
6.638017336634464138e-01	-2.206685700891808377e-02
6.639141266359805948e-01	3.131693148498819745e-01
6.640276098452845277e-01	-3.043610786316186534e-01
6.652430962627662314e-01	3.464340245508745753e-02
6.653556574101212595e-01	-8.481679584100076941e-02
6.654697205326006726e-01	2.180572707399239807e-01
6.666845864429845614e-01	-1.577317501246578990e-01
6.667968982276741841e-01	-2.864019443224785633e-03
6.669103060482652889e-01	-1.512129425119859150e-01
6.681257692692199601e-01	-6.792827338930707004e-02
6.682385043905275657e-01	-3.292467813584365466e-02
6.683514946736324180e-01	-1.842080746601794106e-01
6.695675320086307281e-01	8.961485118365031255e-03
6.696801105533810583e-01	1.054066190256670588e-01
6.697931820243304690e-01	-4.394769525965647183e-02
6.710083088956433350e-01	1.728889593029965255e-01
6.711209686282382236e-01	1.975466433346517725e-02
6.712346084140995428e-01	-2.459548667865267824e-01
6.724493061496625845e-01	6.043432820098781910e-02
6.725626211841456703e-01	-2.873541956423003585e-01
6.726759246203652953e-01	-9.577547032109567926e-02
6.738914052387151576e-01	-1.906813187030577117e-01
6.740038793990938970e-01	-2.130370954448467247e-01
6.741174437962423882e-01	-1.981540434173200138e-01
6.753328548250112640e-01	-5.513186826086724501e-02
6.754453985749709899e-01	3.974457702925482394e-02
6.755584932424474331e-01	-4.765120664022347574e-01
6.767734055458853870e-01	9.489834305157529570e-02
6.768867263795002032e-01	1.337526958973331848e-01
6.770001168026961169e-01	-4.525124847475798795e-01
6.782158351854479239e-01	1.577918675620204603e-02
6.783282861492996307e-01	-2.208399010823292041e-02
6.784414388080935998e-01	-7.463674216688354068e-02
6.796568382385989038e-01	-2.713065417635300847e-01
6.797692196128695130e-01	-3.614861867110874538e-02
6.798823316777412584e-01	2.354425034376927961e-01
6.810982994231584708e-01	7.542309668847879678e-02
6.812109765531486616e-01	-2.630150943165067146e-01
6.813246221381417111e-01	-4.151324388387150899e-01
6.825397084155323535e-01	-1.190710237462658805e-01
6.826522347680967773e-01	5.421965180541099549e-02
6.827658629556946357e-01	-9.494881698341428589e-02
6.839814421592843585e-01	-1.418601407117734414e-01
6.840936495596023903e-01	9.201893492829626986e-02
6.842071095723794016e-01	-1.798781140062624129e-01
6.854216623296485178e-01	3.550976749076435457e-01
6.855350237571856686e-01	-1.125708455734601987e-01
6.856482054116384006e-01	-4.929912648960617094e-01
6.868642311483732499e-01	-6.397209860515862268e-02
6.869764269504277099e-01	-1.713940875302590872e-01
6.870897825788331303e-01	-3.321526865119212024e-01
6.883046716857440517e-01	1.205275143838568930e-01
6.884176097766631086e-01	3.136619219618852483e-02
6.885311567764164087e-01	4.375650230139305208e-03
6.897466431938980014e-01	2.903201946282587542e-01
6.898590651620909453e-01	-2.190496910489414528e-01
6.899726527557664690e-01	-1.684562473084435519e-01
6.911874258800423387e-01	2.811343096165679345e-01
6.913003755692248564e-01	-1.895065299336196052e-02
6.914139457655051890e-01	-6.325999013669292292e-02
6.926285913088824353e-01	3.108917348964221894e-01
6.927419527364195861e-01	1.467953238635246738e-01
6.928552271769803372e-01	6.288989786305032581e-02
6.940696117594286063e-01	-3.356970683762930951e-01
6.941829267939118031e-01	1.234441813868685234e-01
6.942964331997427685e-01	-1.849956735094688831e-01
6.955121109885723518e-01	3.357269597345147183e-02
6.956247649220353990e-01	-2.705229082167021071e-01
6.957380103669374982e-01	-1.292321487124064028e-01
6.969530966443280295e-01	1.862441728103993999e-01
6.970659883421930214e-01	9.312091492745899757e-02
6.971794599532334935e-01	-2.674420178381617941e-01
6.983948593837387975e-01	-3.309977360572349259e-01
6.985075887059147837e-01	-1.381035029401691538e-01
6.986206949716546877e-01	7.327524946083507906e-02
6.998362103847951543e-01	-1.660843979002383231e-01
6.999487367373595781e-01	1.834186329469749133e-01
7.000621851518730177e-01	-2.748600395028222287e-02
7.012776657702229910e-01	6.893496405711285746e-02
7.013898499740138792e-01	1.874965900448444245e-03
7.015034027728990207e-01	-1.116123646331877994e-01
7.027189587799616000e-01	2.116635571973586316e-01
7.028316185125564886e-01	1.605189482171542892e-02
7.029449741409619090e-01	-1.025337672390401744e-01
7.042729927101397669e-01	-1.308535085169996171e-01
7.043864643211802390e-01	3.863858565716968840e-01
7.057143669077230452e-01	-2.000113761268871304e-01
7.058278907109493128e-01	-2.538368406416283696e-01
7.071558454896779145e-01	-1.346532408964876693e-01
7.072690213449989161e-01	-3.049571458903144183e-01
7.085971906916024299e-01	-4.769370901334479829e-02
7.087106217087205673e-01	1.422322883615434463e-03
7.100385358935269453e-01	-5.943691484460134067e-02
7.101515551722905606e-01	-1.803579038016611680e-02
7.114798926937149215e-01	-1.585446371292680290e-01
7.115934280952046498e-01	-3.171294155722736985e-02
7.129212031008488326e-01	-1.961820162044795035e-01
7.130346341179670810e-01	1.092176487763187875e-01
7.143625483027733480e-01	3.659290974262785490e-02
7.144762460799523041e-01	-4.261502187705975553e-01
7.158042008586809057e-01	-3.194322206664705899e-01
7.159166460234007712e-01	-1.331386331878015028e-02
7.172455924536593752e-01	3.555729244692495961e-02
7.173585769376324972e-01	-2.468702531189156391e-01
7.186868274720805694e-01	-1.666587682209370591e-01
7.188003744718338694e-01	-2.372668142763245669e-01
7.201284626305928249e-01	-4.851998826589098979e-02
7.202414761102247098e-01	5.176640147120337154e-02
7.215699528108111549e-01	2.405917853605914480e-01
7.216828039147539231e-01	-9.183439677407534418e-03
7.230108514795905439e-01	-3.315944018521511660e-01
7.231245376585059281e-01	-1.394468426702911712e-01
7.244522778693596177e-01	4.402321320225488499e-02
7.245657610786636615e-01	-1.980032122897275038e-01
7.258931707390072763e-01	1.551466249326087787e-01
7.260073034510677870e-01	-1.587515810275424988e-01
7.273351422471612260e-01	-3.643090331615195243e-02
7.274480803380802829e-01	-4.849417639137731939e-02
7.287764062612411831e-01	-3.247161732390054789e-01
7.288897966844370968e-01	-3.597502190226923302e-01
7.302178326510102568e-01	4.155971293526938837e-02
7.303311418863616122e-01	-4.731535674428747340e-01
7.316594678095225124e-01	-5.999632175978508730e-02
7.317728060405326307e-01	-1.401676299139557047e-01
7.331005752470450831e-01	3.271402094796505011e-02
7.332141802381159090e-01	1.544120713558703173e-01
7.345421408159762411e-01	1.124342572428815856e-01
7.346557864009694017e-01	-3.173934566650323807e-01
7.359827031351138249e-01	-4.428242664103010373e-02
7.360964299079515438e-01	-8.737868049924835123e-02
7.374247326345854114e-01	-1.724391317714367711e-01
7.375379722803556692e-01	7.241410547343862802e-02
7.388661416269591831e-01	1.273310007864545401e-01
7.389794798579693014e-01	-3.438257887883393593e-01
7.403071620775054651e-01	1.667283756183570720e-01
7.404208018633667843e-01	3.357172335209290814e-02
7.417488784238622790e-01	-2.062200671602578694e-01
7.418621180696325368e-01	-3.228895903277719803e-01
7.431904613901886281e-01	-3.559977710046323685e-01
7.433030689305977212e-01	-1.414458788300867464e-01
7.446316906094780919e-01	2.411502944714440932e-01
7.447447910760862655e-01	-2.594529690141555989e-02
7.460732677766728216e-01	-3.567716783378755974e-01
7.461863914398080277e-01	-2.898347541915731185e-01
7.475147231621006583e-01	1.761295092183834399e-01
7.476278932182898185e-01	-2.712182576709907256e-01
7.489558711935454527e-01	1.985051872895073899e-01
7.490695689707244087e-01	-3.340095703193228793e-01
7.503971816006794748e-01	-1.853477624412402935e-01
7.505104502421084955e-01	-3.925626479895458765e-01
7.518389849340125775e-01	-1.146868955643841614e-01
7.519519810162491602e-01	-2.488850638690853767e-02
7.532799067993189990e-01	-2.057714642629139279e-01
7.533935465851803182e-01	-1.382000917227694803e-01
7.547216521413344648e-01	1.830861460764283688e-01
7.548345322409359959e-01	-2.855386738487042386e-02
7.561626725918807468e-01	-3.291173479007303282e-02
7.562760224211544369e-01	3.566285927283407986e-02
7.576040815842545184e-01	-7.832447345609050426e-02
7.577173676230789523e-01	-1.416250656111305295e-01
7.590453282009392844e-01	-4.258644925422858663e-01
7.591591187642262595e-01	-2.409301552145418635e-01
7.604869343637926660e-01	-8.699449506264700371e-02
7.606002667956710539e-01	-2.607677404421874234e-01
7.619282273735313860e-01	1.237231858851406407e-02
7.620417743732846860e-01	-2.359228760099819633e-01
7.633697001563545248e-01	-1.535232175064964455e-01
7.634829108064660197e-01	-8.074390649383400564e-02
7.648112773235491435e-01	2.514329971073951953e-01
7.649249693015963691e-01	-3.094915066635681722e-01
7.662523035732271559e-01	-2.839757461426462015e-02
7.663655780137880180e-01	-7.364204978526445178e-02
7.676939097360806485e-01	-3.609033620662727149e-02
7.678071841766415107e-01	-5.010072242451069080e-02
7.691347562126742421e-01	1.748931578376946572e-01
7.692486105664104734e-01	-3.945368074876723918e-01
7.705760956154670271e-01	-8.867780336607311575e-02
7.706898745804904305e-01	-3.219293885958652846e-01
7.720176147913441200e-01	2.001358244055202462e-01
7.721311617910974201e-01	6.569478822686369845e-02
7.734589078010828400e-01	-1.711941016155491546e-01
7.735725939799982243e-01	-1.079601714320792549e-01
7.749006183483079235e-01	-6.956916043809779904e-02
7.750141305532706193e-01	-2.178606870442645338e-02
7.763419287554418347e-01	5.566593976547706824e-02
7.764554757551951347e-01	-3.884015493668673269e-01
7.777838538705418303e-01	7.296812556263687632e-02
7.778969137432276693e-01	1.627092797140170521e-01
7.792245205740510050e-01	1.018691203278321300e-01
7.793381313642535613e-01	-4.637311858070168880e-01
7.806663123091206469e-01	-2.191334861198261930e-01
7.807793431861477229e-01	-3.665789187635828394e-01
7.821076227162545580e-01	1.589777056466508132e-01
7.822209957420552806e-01	-1.736697222410020780e-01
7.835489099268615476e-01	-2.988538602463541860e-02
7.836627120884119835e-01	-2.757018176825206668e-01
7.849902145348637283e-01	-1.167296996853115498e-01
7.851037035432995026e-01	2.799291687388216765e-02
7.864317279116090909e-01	1.925685309684022073e-01
7.865448167799538037e-01	-1.231269296281730652e-01
7.878731137074559410e-01	2.655008229952793286e-03
7.879865157289153155e-01	-9.787805324705878274e-02
7.893141167606069208e-01	-2.290839893508977987e-02
7.894279595160796914e-01	-2.161081847927746047e-01
7.907560998670244423e-01	-2.322915567595671416e-01
7.908695482815378819e-01	-1.493081758069357834e-01
7.921969057496957012e-01	-6.210092474549000485e-02
7.923105803303476247e-01	6.247743159002538960e-02
7.936392426031502190e-01	-3.702779356215102347e-02
7.937520821088295264e-01	-4.679425870782960573e-02
7.950799035075277743e-01	1.633357975029361420e-01
7.951932475376696230e-01	1.473565263873701792e-01
7.965211675216076204e-01	2.834437616237748259e-01
7.966348131066007809e-01	-5.127165123568022675e-01
7.979622459634714282e-01	-4.815577897565248566e-02
7.980762974876873805e-01	5.516735909371273117e-02
7.994045190264766898e-01	-1.085564631418577397e-01
7.995175557026356072e-01	6.223098430119100577e-02
8.008455394770229718e-01	-3.615752189739029898e-02
8.009588719089012487e-01	6.745590623896857707e-02
8.022874703912545868e-01	-2.145114397902537773e-01
8.023998865603158004e-01	-1.731023847208954525e-01
8.037283342652434825e-01	3.509178090134890127e-02
8.038417246884393963e-01	7.891226358649983119e-02
8.051696678689045372e-01	-8.167829635122714205e-02
8.052830698903639117e-01	-1.713788248566336936e-01
8.066110768612783088e-01	-4.701409850105110477e-01
8.067244382888154597e-01	-1.250146380509358224e-01
8.081661140412499389e-01	1.884944445487941600e-01
8.096074012518569285e-01	-4.650074894804310244e-01
8.110485666806970251e-01	-6.980565706226449230e-02
8.124897147121418195e-01	-4.194229965251694559e-02
8.139311005079886696e-01	1.319343428591330802e-01
8.153725674916799671e-01	-1.455674740622051599e-01
8.168137793135741287e-01	1.423728893635243242e-01
8.182555652495119292e-01	-2.137048374159599140e-01
8.196968640583824905e-01	1.186542456474160012e-01
8.211382092603068950e-01	-1.795909662544269425e-01
8.225797922266333551e-01	-3.434847727766492387e-01
8.240211026337673772e-01	-8.910605603191645852e-02
8.254625000278776881e-01	-3.437736413201190055e-01
8.269038858237244272e-01	-1.172071071382720930e-01
8.283452716195711663e-01	-1.596566426101259095e-01
8.297865124371240908e-01	2.889206791128717811e-02
8.312280722069235184e-01	-4.438281730887563281e-01
8.326688606921995861e-01	1.229847418229690348e-02
8.341103682698132182e-01	-2.209860305396285085e-01
8.355524035684165352e-01	-4.386256214422239452e-01
8.369936733816282226e-01	-3.712632758746814421e-02
8.384348736052588125e-01	-2.468751910427356977e-01
8.398763927811360164e-01	1.744604909672242687e-01
8.413175060177903175e-01	-2.374716082879646528e-03
8.427589845997451867e-01	1.408285910973339217e-01
8.442001500285852833e-01	-1.837388970802520394e-01
8.456416576061989154e-01	-2.653238729704656684e-01
8.470830665985726871e-01	-2.984851737369048630e-01
8.485243828048384396e-01	1.609614043157931995e-01
8.499660469590094580e-01	-8.807709745166769633e-02
8.514074153574608950e-01	-1.582078108711221232e-01
8.528484706027976703e-01	-3.404596210836527970e-01
8.542897810099316924e-01	-1.868354242175557234e-01
8.557316307363188601e-01	-2.738248829117286842e-01
8.571729875365068363e-01	6.723190405840684392e-02
8.586141065722928678e-01	-2.779107156046659588e-01
8.600553531889776337e-01	1.795823268434459941e-02
8.614970985309932106e-01	-4.627521675926747902e-01
8.629378638197422458e-01	-1.680203633057874013e-01
8.643798991183454516e-01	-1.317888709957514282e-01
8.658208209836518732e-01	-1.923327549527364955e-01
8.672623923517148725e-01	5.488402701028349817e-02
8.687038071432203745e-01	-2.417648139741765956e-01
8.701452335329894483e-01	-1.124946818393882664e-01
8.715871644472211743e-01	-2.726233962658902721e-01
8.730280167229464983e-01	1.717173246511607410e-01
8.744693909205297766e-01	-2.600289421020418601e-03
8.759108984981434087e-01	-8.778044793732997508e-02
8.773514434198858014e-01	-3.125513616549158158e-02
8.787942326056171760e-01	-8.368623573730404885e-02
8.802351950648459322e-01	-1.414617400399327263e-01
8.816762097162603729e-01	-4.277548569695277525e-01
8.831178448747726284e-01	-6.368352932979892689e-02
8.845589813079539621e-01	-1.700197735507208430e-01
8.860008194360775580e-01	2.720664858743913062e-01
8.874419210744683983e-01	-6.803435213196595832e-03
8.888826051753728752e-01	-2.166042965026292455e-01
8.903245998800538574e-01	-2.560336930223340302e-01
8.917659914750324379e-01	3.584131166676336466e-01
8.928881002730029159e-01	1.656611225224335904e-02
8.932075802404906284e-01	-5.039163083488951145e-04
8.943298746106772557e-01	-7.215072197459782011e-02
8.946489370406786046e-01	-2.383772485996032975e-01
8.957707906768519468e-01	1.583628593140335994e-01
8.960900734738599382e-01	-6.787335769106661587e-02
8.972126056084485102e-01	-1.900090877102899034e-01
8.975315926497371422e-01	-2.110529478735387876e-01
8.986540667930081883e-01	-3.408485199929913723e-01
8.989729552490568487e-01	-4.228562869060353835e-01
9.000953945975374015e-01	-2.692008795369960072e-02
9.004141960666097733e-01	-2.524962691415267857e-01
9.015364962359282419e-01	-2.593418027136210613e-01
9.018555934607200841e-01	1.135094527461719682e-01
9.029779690187512697e-01	-2.301911435274065498e-01
9.032972924096815959e-01	-2.721908790294750302e-01
9.044194244041791064e-01	-1.265236226801105257e-01
9.047381620828022220e-01	-1.647132262358581567e-01
9.058602360859822067e-01	2.226269451501936558e-01
9.061799944117940875e-01	1.533110757805111746e-02
9.073020278210518486e-01	-1.827109111213617298e-01
9.076211424432389929e-01	6.276152364617537671e-03
9.087438949448342074e-01	-1.329396316968933789e-01
9.090630443618118450e-01	3.989042416256654011e-01
9.101848342075359310e-01	3.291424509691869282e-01
9.105039604279865362e-01	-3.201057983657348283e-01
9.116259996363760276e-01	-1.860299440986754593e-01
9.119450272715867722e-01	-8.095361862212879789e-02
9.130673622356957342e-01	-2.137122443016898909e-01
9.133866508318355670e-01	-9.649057147066719686e-02
9.145095309143294049e-01	-3.504275684845928884e-01
9.148284831608274326e-01	-1.136269825418922963e-03
9.159503020022101705e-01	-1.216175591114165844e-02
9.162693238382892957e-01	-2.863489540597929928e-01
9.173918153789556440e-01	-2.687867790918075928e-01
9.177108662106934212e-01	-1.258747345999462475e-01
9.188333867470185323e-01	-1.911623173733419945e-01
9.191522230108813973e-01	3.206665795491892013e-01
9.202745985689126940e-01	-5.262877798384968386e-03
9.205935334180154195e-01	-1.281012145235719268e-01
9.217155146350873851e-01	-2.277747031707660907e-01
9.220351047860783078e-01	-1.995874628486432600e-01
9.231575615319541628e-01	-2.083741990182179649e-01
9.234763514027629627e-01	-1.150196817030409990e-01
9.245988545416928828e-01	-2.090481508026198476e-01
9.249177951899273387e-01	-2.289817262766451478e-01
9.260406926698164787e-01	-6.174314971962280296e-02
9.263585488804129131e-01	-3.111905265427851175e-01
9.274815275481466115e-01	-1.722592716371447175e-01
9.278005435850938953e-01	1.283476263595972888e-02
9.289230177283649414e-01	-3.780060974703578491e-01
9.292420163679170342e-01	-1.784711798027011076e-01
9.303642991398400897e-01	-3.030579904623325049e-01
9.306833499715779778e-01	-3.352958246574045953e-01
9.318054587695484559e-01	-2.362673336049405659e-01
9.321252054970968759e-01	-2.494769531766811710e-01
9.327936308205169169e-01	1.334493128505136461e-01
9.332470707315336789e-01	-4.159238907649248640e-01
9.335662781398289534e-01	-3.676767838262289256e-01
9.342350050181001953e-01	2.131952862029162787e-01
9.346882477586373472e-01	-1.307612591219989850e-01
9.350074261712737478e-01	-2.221629023833944228e-01
9.356764488052644602e-01	3.451166345268776858e-01
9.361300626902339106e-01	-2.529485380732219291e-01
9.364488003688570261e-01	-1.045136502397763234e-01
9.371179099898240272e-01	1.608600272434281830e-01
9.375707583894019592e-01	-4.727353658647959200e-02
9.378900991777274765e-01	-1.372694427167550080e-01
9.385592493926168123e-01	1.088864337952410999e-01
9.390120977921946333e-01	1.510551061455756017e-01
9.393322098650436214e-01	-2.861536068007928257e-01
9.400002640440312529e-01	2.420733121406455357e-01
9.404541794838520152e-01	-1.925418567423664573e-02
9.407727199919954097e-01	-1.050713363633258846e-01
9.414418528094894434e-01	1.894637739580662394e-01
9.418955652796987543e-01	-1.901680738938882342e-01
9.422142565652678048e-01	-1.398266139022654730e-01
9.428832965966538193e-01	4.300668803174469979e-01
9.433365741319815756e-01	-7.378120945655519680e-02
9.436556017671923202e-01	3.964933495315081657e-02
9.443246417985783348e-01	1.513834032625778203e-01
9.447781918930985290e-01	-2.875371980917504899e-01
9.450974051005254228e-01	-4.891794003556626524e-02
9.457662827562223207e-01	1.487738601577643927e-01
9.462197748594248781e-01	-2.986667546628311021e-01
9.465382863719096207e-01	-1.588379946943924148e-01
9.472073611980861285e-01	3.161079780590010380e-01
9.476611084630859327e-01	1.660833780236266044e-01
9.479796663686246294e-01	-1.560054968474033910e-01
9.486488513783044585e-01	1.734307093996723115e-01
9.491022390971355360e-01	-4.249048893465997567e-01
9.494214697019577320e-01	-1.907831446775882789e-01
9.500902893663369930e-01	2.111010079670168071e-01
9.505434161242390934e-01	-6.645198380118311210e-02
9.508625481438215399e-01	2.128969158969442610e-01
9.515312808212245121e-01	3.643624170663992690e-01
9.519845351600252359e-01	-2.614158055350481735e-01
9.523041659049384933e-01	2.495877099392678211e-01
9.529726434205442187e-01	1.389853239889511372e-01
9.534266458473412698e-01	-1.531723886617497588e-02
9.537453661285690831e-01	-2.223215892988825715e-01
9.544143365703740001e-01	1.698269228154052346e-01
9.548680664379786132e-01	-1.227996681471121843e-02
9.551869722914225758e-01	-2.635160691331537297e-01
9.558554614052918730e-01	7.303643350881361407e-02
9.563091912728963750e-01	-1.204159976485508210e-02
9.566281899124484678e-01	-7.873634119289485422e-02
9.572970791664088264e-01	-4.603112502655737348e-02
9.577498173824833261e-01	-2.532241640028108920e-01
9.580692799525757364e-01	-2.664687231264293299e-01
9.587383431804887834e-01	5.058152302524239197e-01
9.591920034585122989e-01	-1.970887985786970997e-01
9.595107121414765405e-01	-2.305825862156826167e-01
9.601797289763355225e-01	-1.324840708159849001e-01
9.606332674725922560e-01	-9.378780634949446249e-02
9.609521037364551210e-01	3.315318075618449711e-01
9.616220194367360863e-01	-9.979531439571398543e-02
9.620747924476010793e-01	-5.095296318562569926e-02
9.623944405899096388e-01	8.392029096133546417e-02
9.630617002878469890e-01	-9.120624481299444142e-02
9.635164392043767956e-01	-3.400443865806075383e-01
9.638352116777904044e-01	-3.076175645738792319e-01
9.645038283725583250e-01	3.982465999532749379e-01
9.649573088774974217e-01	-4.697136301489985843e-01
9.652772295789985302e-01	9.996353063547869233e-02
9.659452199675369055e-01	3.834676932281337880e-01
9.663989962281954726e-01	-1.265727774672277262e-01
9.667168118448695724e-01	-1.272003426945328419e-01
9.673868725234443522e-01	-1.042686992914935162e-01
9.678401674561672996e-01	-1.171512188186730752e-01
9.681592762792227136e-01	-3.280123870229088023e-01
9.688277943887507737e-01	3.145980208084679930e-01
9.692816344398587081e-01	-3.480028234378914620e-01
9.696002967297689956e-01	-2.144532321427998767e-01
9.702695513290299223e-01	5.989320538709930197e-01
9.707233449870836806e-01	-3.023303948691586918e-01
9.710417521151968323e-01	-9.855499771256370778e-02
9.717111052996975085e-01	1.487068359035004228e-02
9.721644756211332838e-01	4.032763792759741506e-03
9.724835148546076002e-01	-3.107450659605992538e-01
9.731522475320105725e-01	1.702792665641279513e-01
9.736059136091659294e-01	-9.751870706361254193e-02
9.739241467633262817e-01	-2.987723096862970884e-02
9.745940044722897211e-01	2.245341808171537057e-01
9.750474501824383244e-01	-2.257419245315338552e-01
9.753660428827675144e-01	4.924439428865357016e-02
9.760352104950520413e-01	4.279547956289846411e-01
9.764889751574471477e-01	-4.365373659770442893e-01
9.768073068968474715e-01	-1.912779844979739519e-01
9.774760917664362392e-01	1.773821707110836421e-01
9.779299666123346668e-01	-2.524959698734163815e-01
9.782489130597008531e-01	-3.266154664985998490e-02
9.789173789770432288e-01	-1.863497868915616751e-01
9.793710740498572376e-01	-2.804919778730557978e-01
9.796901596763856190e-01	-1.024177260292703506e-01
9.803595766513355514e-01	1.291477826670754947e-01
9.808129063788491031e-01	-1.744582188946225410e-01
9.811319050184010848e-01	-3.511009217327742959e-01
9.818005681062230705e-01	-7.544551423497702913e-02
9.822541066024796930e-01	-2.511343747885659283e-01
9.825731864298763441e-01	-2.587610729455791514e-01
9.832418089237759951e-01	5.140220596412592435e-01
9.836952082408705333e-01	-1.860282981240688471e-01
9.840144794396150640e-01	-1.680941328949770996e-01
9.846833454970483901e-01	9.740059853884508456e-02
9.851374639064804928e-01	-1.184981497661187211e-01
9.854554360997119788e-01	-1.695080998991304044e-01
9.861246559041824122e-01	7.170606587102885676e-01
9.865784147674456772e-01	-3.911890447717695229e-01
9.868972974243626073e-01	6.039085950796629909e-02
9.875658503286812717e-01	2.366522947735920646e-01
9.880195801962857738e-01	-2.632990249361566448e-01
9.883386136306283598e-01	3.086363007831247618e-01
9.890072883167138063e-01	1.052315471811398062e-01
9.894609427956055914e-01	-2.004615501818103329e-01
9.897805039509377512e-01	-4.400964119788211004e-01
9.904487958943274384e-01	2.199118352194708859e-01
9.909026301463035313e-01	-7.698472494329222648e-02
9.912212286457645627e-01	1.840378186671915994e-01
9.918904194545761221e-01	4.356049863326565408e-01
9.923437955751437389e-01	-1.454643013811783847e-01
9.926627420225099252e-01	-1.992158466726746679e-01
9.933316196782068230e-01	3.804154577711549301e-01
9.937852625588350364e-01	-3.840478717152089327e-01
9.941036000973670905e-01	-9.729005442489779831e-03
9.947728778931549387e-01	1.264719634782740521e-02
9.952263989920163700e-01	-2.553683451961031858e-01
9.955461283221694879e-01	-2.569890316474483516e-01
9.962145188507989246e-01	2.596624212385583164e-01
9.966679877574745605e-01	-3.000346343779978220e-01
9.969868356196009973e-01	2.031585071366066586e-01
9.976558118605376446e-01	-7.898681679877395112e-03
9.981092691689498198e-01	-1.949546428670998477e-01
9.984280184458363960e-01	-1.707633051707683203e-01
9.990971280668033971e-01	1.600017263030795167e-01
9.995507245543776564e-01	-1.582636243736936787e-01
9.998704190897401700e-01	-2.390284560076223475e-01
