9.226012682201393481e-04	-7.787807609861641112e-03
1.613962157729222514e-03	-1.489655150698077080e-02
1.960761834912384555e-03	-4.465214859832755678e-03
2.570853692013774956e-03	-4.091774432543382467e-03
3.505175005509777661e-03	-1.869728735109388307e-02
3.740254409442318739e-03	-1.098290270038038141e-02
4.829690899107935004e-03	-5.632870832380398873e-03
6.328633077618221053e-03	-1.582629060171591995e-02
6.911480613736926959e-03	-1.070840489760827019e-02
7.158686002168146781e-03	-9.136382669661102796e-05
7.923481297084580474e-03	4.823682999297584928e-04
7.967717074107977596e-03	-5.928004181746326928e-03
7.970175905971889005e-03	-1.354408930303374614e-02
9.040991383573775131e-03	-5.359453226461696751e-03
9.741752665656917831e-03	-3.514280236172395711e-03
1.040886738530039796e-02	3.138085677794721917e-03
1.164044059426903518e-02	-2.069493796888099979e-02
1.291430687112330930e-02	-2.431227913507183480e-02
1.405090769934834796e-02	4.129833889097156430e-04
1.420599387985918907e-02	1.291358852000268342e-04
1.607690976649896186e-02	-6.301671299669631132e-03
1.624072364030033910e-02	-1.074485107551181873e-02
1.648153258640633681e-02	-8.855719020758212601e-03
1.653286070156549659e-02	-4.211653801249881646e-03
1.858654782371213857e-02	-2.930298343639226033e-03
1.865600402473589423e-02	1.297171632262017482e-02
1.901391483836069665e-02	-8.179045821604780109e-03
1.912095521228542733e-02	-3.023137703047074076e-03
2.058341505292809667e-02	-6.131423940428537556e-03
2.245692315146213466e-02	-1.563982369836680597e-03
2.266499019968217302e-02	1.594968353675940698e-02
2.293094998020747330e-02	-8.792180701998275616e-03
2.438756429604159795e-02	-9.571156737162134220e-03
2.460888815945244321e-02	3.847633202065381397e-03
2.541941540738493557e-02	-2.060636018564587779e-02
2.588146702905721672e-02	-3.690206440548293720e-03
2.732002864773955264e-02	-7.944705171788912779e-03
2.758709606242996590e-02	-3.145716491737116094e-03
2.768089701855915366e-02	-1.190768989539470191e-02
2.839946163512863803e-02	-6.239708297988810770e-03
2.867338362355288314e-02	-1.546663321670327385e-02
2.932227167209194157e-02	-1.296162164303482633e-02
3.050876822993277629e-02	6.870366931618576700e-03
3.076185393796307052e-02	7.148150125817709366e-03
3.775865137807233457e-02	3.299323428549660875e-03
3.808176740117008574e-02	5.416572176040856945e-03
4.026768052645128548e-02	-8.391594693127779614e-03
4.156861135120385603e-02	-1.130859348579960066e-02
4.334563929473812804e-02	4.630038342915199223e-03
4.450182379089814150e-02	-1.035635682592450646e-02
4.523175470570646450e-02	-2.261218733336012310e-02
4.767381548058434448e-02	-5.463333291809702175e-03
4.827394442933148622e-02	5.902388514183121160e-03
4.827673961083716464e-02	-1.640706777321954135e-02
4.943355621235841907e-02	2.586742444884659875e-02
5.029333548628196066e-02	-1.064844801375752770e-02
5.168040081498425503e-02	-4.274568643960918735e-03
5.207975802325853776e-02	-2.364013339788784140e-02
5.229970169331180779e-02	1.317727298493709398e-02
5.413183298677742145e-02	-1.495715820479981417e-02
5.415669966374075939e-02	-2.163653090271777657e-03
5.427933970208512204e-02	-8.134648686274892349e-03
5.469731212329137504e-02	8.655821420827436441e-03
5.511617181165606727e-02	-9.403032273239686489e-04
5.540838426163403191e-02	-1.250023856051951654e-02
5.701415804532589116e-02	-6.637595433468201911e-03
5.752670270718467788e-02	-7.847937854821629422e-03
5.843448719377204725e-02	-2.230994097120331254e-02
5.922085525881525675e-02	4.937191846494437542e-03
5.927323301682198287e-02	3.255246122969124301e-03
5.985603415988665493e-02	-9.164771189061893253e-03
5.997233574722333344e-02	-6.688189253403420409e-03
5.998794700990647821e-02	-4.822841656008880484e-03
6.082994614587069332e-02	-9.684174182450044910e-03
6.148385624250915504e-02	3.664213717857522923e-03
6.153618180833009266e-02	1.300287838167468735e-02
6.242892334714626040e-02	1.294704598598928058e-03
6.320055001926951077e-02	9.930897451455589220e-04
6.465123182331876384e-02	4.231221358695247403e-03
6.529615906486949117e-02	3.479336465885829455e-04
6.858887707942107337e-02	-1.843180150814394125e-02
6.926664480409758240e-02	5.344159794249403461e-03
6.967728132363439075e-02	-1.527197949999670179e-03
7.110365896650049089e-02	6.815561336200870457e-03
7.199982779218358497e-02	-4.307858709062362124e-03
7.288065211524423492e-02	-1.810239802078206228e-02
7.291511055612953651e-02	1.066270387327850067e-02
7.299349742005523112e-02	-2.834786915510090211e-03
7.464001010432251559e-02	3.205072427554522818e-03
7.471314295487863077e-02	-7.876722320571794000e-03
7.490262378582546177e-02	-8.044021204688944771e-03
7.746119491678318814e-02	1.539216694433909183e-03
7.750826067010278819e-02	-2.315283372751331115e-03
7.780417876527188914e-02	4.875364913687674218e-03
7.801313308065035979e-02	1.658035521997502926e-03
7.885660519608021779e-02	-6.844437440196804445e-03
8.003298806814120037e-02	-6.776379190626458104e-03
8.147350979335656052e-02	-3.680571224026985000e-03
8.162863076865792267e-02	-4.182763000890377114e-03
8.176521191974012170e-02	1.539738212470442846e-02
8.191504988601314152e-02	9.129911838762883036e-03
8.575982204706697476e-02	-7.470555678307677638e-03
8.640732990224846144e-02	-8.265276553815592564e-03
8.799616442208539613e-02	-2.920655778119618518e-03
8.990401497886962856e-02	-4.137269755882133637e-03
9.041167097265936925e-02	-9.803380383352267025e-03
9.137186221291224153e-02	6.015516903434159346e-03
9.397229727600577009e-02	-7.186304690273370710e-03
9.452166062537394053e-02	-6.621035232827976458e-03
9.724283941072810189e-02	-6.940387990034158072e-03
9.749994971619602158e-02	5.054562416357155641e-03
1.005662174348657678e-01	-1.751402534128643218e-02
1.019131585709586174e-01	-7.246471387635566863e-03
1.030467612480665679e-01	7.940183124406141602e-03
1.042576431549351174e-01	4.166015830615821258e-03
1.043457029706273409e-01	-8.287726425038055567e-04
1.043957436785370035e-01	2.745125259197900291e-03
1.044247509355730602e-01	-7.559765776899984857e-04
1.062309949048865498e-01	1.053755808328782351e-03
1.068725992439419348e-01	-1.777541704686769197e-02
1.078070249418095206e-01	1.328319340175387886e-02
1.080934962513505210e-01	5.010408265526677951e-05
1.090268607081070346e-01	-1.789349311724808267e-03
1.092495763631389644e-01	8.771860987412116728e-03
1.095603228382043409e-01	-6.067786899568439196e-04
1.104553144401412557e-01	-4.934751250890156982e-03
1.106677772302312179e-01	-3.848577692989518795e-03
1.111866951378882168e-01	-1.079787786629515800e-02
1.113442227528677053e-01	1.158408798383581129e-03
1.130988486504343055e-01	-4.799193300507376136e-03
1.136653542332688033e-01	-5.810986919391525340e-03
1.162517437992529046e-01	5.024570525318461378e-03
1.172599170556425791e-01	-1.308717963592886946e-04
1.179236914753954701e-01	-6.041528892697600739e-03
1.189314877882211019e-01	2.141313725216376085e-02
1.194825502831933367e-01	4.345086836419431719e-03
1.203087293877312530e-01	-1.193107833147621921e-02
1.206687336879194300e-01	-1.117745573463768682e-02
1.206890016534014481e-01	2.500318757286956739e-03
1.215590163948716967e-01	1.157665772581117913e-02
1.218681913052316046e-01	1.146052721620494097e-03
1.222619871461533003e-01	-5.199489689141745252e-03
1.223238174889198782e-01	8.050012583381338516e-03
1.230893376753056240e-01	-1.214628056049349425e-02
1.244850437103221380e-01	-3.020263588065630334e-02
1.248300746523201832e-01	9.277982970432585574e-03
1.279191271596533952e-01	1.381464236993346084e-02
1.281580629862026921e-01	-7.015385777601079731e-03
1.287255254257766712e-01	2.013009369689844341e-02
1.300097721484715085e-01	5.512883168656390609e-03
1.307582428874990155e-01	3.643044977228893089e-03
1.318025505338510373e-01	3.834411826043604421e-03
1.331033247820462284e-01	6.415876745343940257e-03
1.332261909865290195e-01	3.787114873267682924e-02
1.338447669733872636e-01	1.298599103906927787e-02
1.343531072647240199e-01	3.343267027466900743e-05
1.356230127345899594e-01	5.066966731684052760e-03
1.356510689340182929e-01	-5.104287264966700377e-03
1.365157252777473573e-01	2.070689843271855679e-03
1.367212059132048851e-01	-1.204655630705764313e-02
1.367867882942166435e-01	-1.138508247567071585e-02
1.382986857330665009e-01	5.373327837358443659e-03
1.394345558706904797e-01	7.895066459472133147e-03
1.399895733735192771e-01	-1.254189373878900060e-02
1.409976132498786117e-01	-1.667200122901224546e-05
1.410789460727356059e-01	4.850405906118293586e-04
1.421263562545762860e-01	1.220854524923375983e-02
1.426382456145468269e-01	-2.959225480692939669e-03
1.428747574040227231e-01	4.798641868830388901e-03
1.431051627077611355e-01	7.085352363582542168e-03
1.433953106668345023e-01	2.377984080765616071e-03
1.444357792879650271e-01	3.754112388476582574e-02
1.446013850934785572e-01	2.260002966510077371e-03
1.450281431992928860e-01	8.242951702281953175e-04
1.453005226186704357e-01	3.445614821324882726e-03
1.455989459387574680e-01	-3.889705327859704909e-04
1.477825800052591509e-01	1.936697495604478014e-02
1.485855393862520191e-01	2.112961442400473899e-03
1.491573163798513568e-01	5.794645784485963347e-03
1.492940831031497051e-01	9.316096444443200397e-03
1.507106544142189641e-01	-1.629731144174195734e-03
1.511449281947871426e-01	7.081734886516199978e-03
1.511986397530973858e-01	8.176568040118459280e-03
1.517206080040572613e-01	-6.185521827174245146e-03
1.518403658739196360e-01	8.247420034163122082e-03
1.525950010900021803e-01	2.398646020649319865e-04
1.526377580884281659e-01	1.902856789951279382e-02
1.527291176100886994e-01	-6.994441843546028714e-03
1.533094251264989216e-01	2.070104494589797284e-02
1.547826017626239281e-01	5.633840617003782469e-03
1.560889663738304900e-01	1.972512351687960575e-02
1.577606182942535573e-01	1.060415480545806588e-02
1.578528534848090414e-01	-2.382878005942767885e-02
1.581049765369680615e-01	1.593358920733489725e-02
1.598905466015767274e-01	-1.540696470945046581e-02
1.628174901798443985e-01	-2.242411590624704409e-02
1.648556646245477320e-01	-5.621514277484029876e-03
1.648729170415173806e-01	7.715362505464007370e-03
1.650174314048397650e-01	1.166338898142882385e-03
1.653535838761216459e-01	4.375854561295966505e-04
1.657494268105526858e-01	1.025628134399458879e-02
1.658016131972115115e-01	3.736505097411857435e-03
1.670537037343275966e-01	2.301226225954700055e-02
1.681090355301449457e-01	1.026419045853543821e-02
1.692479676093353036e-01	-1.126251870409933353e-03
1.693246495285251896e-01	7.412648665113374946e-03
1.697241343176980610e-01	3.644801318635870757e-03
1.704098004598242067e-01	-7.576043374697638555e-03
1.713491902144736456e-01	1.094153332676328638e-02
1.726298530737442050e-01	5.607350988202863817e-03
1.727177041206932884e-01	7.902121607197276631e-03
1.752178605974878400e-01	-3.479311546811469924e-03
1.760584621426992125e-01	8.298867459336500829e-03
1.763544962205033928e-01	5.923604908666169067e-03
1.769763777124617188e-01	-1.577960693407465254e-02
1.770016851234383903e-01	1.534033557867919839e-02
1.771369962646663354e-01	2.875225309824602782e-02
1.789407118125348750e-01	-1.206566483598525696e-02
1.804585649596966157e-01	-3.298941733939186882e-03
1.804711490756038816e-01	1.196590223712545864e-02
1.813873365041035468e-01	2.471326397368800443e-03
1.827705338119255951e-01	3.629826295779237100e-03
1.828805955334944222e-01	7.671926482654578550e-03
1.840427763318885912e-01	1.797905556191192744e-03
1.850217335624990411e-01	2.011726420907411494e-04
1.851371246861502895e-01	7.276037303045601590e-04
1.864557718584128609e-01	1.138120667758690807e-02
1.878711659457359406e-01	8.026987326704482228e-03
1.892110959315375929e-01	2.681669059303026792e-02
1.892597564460896664e-01	8.502547021072004441e-03
1.912304753902245580e-01	1.118486205718927096e-02
1.913112804920918675e-01	-4.454761900739789837e-03
1.934594412696512278e-01	1.200859125835407326e-02
1.937207095525871337e-01	-4.195878610972925138e-03
1.938629796519205084e-01	1.962839034594443532e-02
1.944113281532316440e-01	-3.140483098664992312e-03
1.945197023274599091e-01	1.462088913934911361e-02
1.945329359461236973e-01	-2.766417765149853381e-04
1.950745226598090687e-01	-7.376393411637982567e-03
1.951341029394549065e-01	5.260271663511062457e-03
1.958621433373112508e-01	6.356646812856414641e-03
1.968800533359167659e-01	1.297880700629905348e-02
1.978190023565528644e-01	-7.127871839122557063e-03
1.979663003031174040e-01	-1.023202103251519279e-02
1.990226411478600299e-01	1.031720141349223852e-03
1.994997357173035057e-01	1.328048692726802038e-02
1.996177306511124905e-01	-5.068458006759035683e-03
2.003952724376253380e-01	1.387431124876958854e-02
2.009306076872793556e-01	1.349142695527771885e-02
2.020540502855533993e-01	-1.887534905821164344e-03
2.029242911931620763e-01	7.707380531796648171e-03
2.029750741899363220e-01	2.443996787603985865e-03
2.029862085229049706e-01	4.356557348445422306e-03
2.030587962550761683e-01	3.830378688074453919e-04
2.031373744903497702e-01	8.273979207450876672e-03
2.031468096777143684e-01	-1.152484171221501708e-02
2.033670491034871020e-01	7.284333614434590487e-03
2.049055645570901640e-01	9.356814379930300518e-03
2.052505549051659162e-01	1.608771968367506133e-03
2.075123728659818978e-01	8.895905228210487792e-03
2.086957494909388033e-01	1.130119257414108347e-02
2.092143078524270339e-01	4.176559416275260617e-03
2.116422013484286491e-01	-1.028598687310766646e-02
2.128747430124002804e-01	-5.430173462224519021e-03
2.163493217987732808e-01	2.040072705625362026e-02
2.164737537688297686e-01	9.274357617379269669e-03
2.166119934715937667e-01	-1.632397786311079457e-03
2.166205529900634141e-01	5.245728969094365368e-04
2.169321693348919833e-01	1.585957728865161620e-02
2.170074594624607778e-01	-1.169306789012725112e-03
2.179429000083853984e-01	-5.002019266985069379e-03
2.184002079402824759e-01	5.247957549210591210e-03
2.189277549559901781e-01	1.852918867112185453e-02
2.189854389195522999e-01	2.410734129174940676e-02
2.195560908815912537e-01	5.100477662406177615e-03
2.196764054681020761e-01	1.468005954272433300e-03
2.212020062552878252e-01	3.133804656602245942e-02
2.213952913166656322e-01	8.087151202408326967e-03
2.239479299358384801e-01	7.171990183547638509e-03
2.241924619245308781e-01	-1.804542161768163400e-02
2.270236038462140615e-01	7.536525769546109643e-03
2.272349300064801236e-01	9.254929665213351697e-03
2.274757157560590992e-01	1.336504433827712113e-02
2.279864278922834608e-01	5.972246803323644215e-03
2.287330255117542566e-01	-2.977273987594397653e-04
2.297576335075361964e-01	7.900050490941001868e-04
2.309191822005691452e-01	1.435446253514438553e-03
2.319361121459081188e-01	-5.338474365641721064e-03
2.323902421536037377e-01	1.857665763980453910e-02
2.329328727110049346e-01	1.377458495199812560e-02
2.330261575444079747e-01	-1.103673651322667482e-02
2.332998533666937879e-01	-6.102588838350575529e-03
2.333114168354122886e-01	1.431077586716433814e-02
2.342733536143232487e-01	1.004521974390604200e-03
2.350589735913701239e-01	-3.687545294822958120e-03
2.351368617299649522e-01	3.593751183273630190e-02
2.353327274049734907e-01	1.608443676300663761e-02
2.384667057860088979e-01	-1.151446287809654301e-02
2.385212872140823337e-01	9.218584596285328558e-03
2.387197219044581153e-01	-3.151867988815171273e-03
2.399781276960548937e-01	2.047801162597062685e-03
2.416105716866857323e-01	1.764504736119443251e-03
2.424219920009084150e-01	1.454687940913368394e-02
2.455325708853143551e-01	2.355965532619674896e-02
2.466510378285430571e-01	-6.846998681111604590e-03
2.474517993386009529e-01	1.836278331711183043e-02
2.498539504887442864e-01	-2.236438501674764545e-03
2.498612979886772612e-01	6.196678534326149901e-03
2.499496071670349318e-01	1.540897886374703596e-02
2.511134871110331512e-01	4.133378626021610991e-02
2.515865860786977715e-01	6.286854512054018684e-03
2.520012413965404541e-01	6.327542927733631473e-03
2.531320546912745328e-01	-4.821925063548393453e-03
2.559160554709252744e-01	2.100587100508732874e-02
2.560750386679751522e-01	1.301174201669241803e-02
2.582956074046213191e-01	1.023497356705282968e-02
2.585657193634828266e-01	2.634211550577303385e-03
2.586651860713361506e-01	-4.188920478745972176e-04
2.588959103273210660e-01	1.151619242799872822e-02
2.589509266902760842e-01	1.624775542421574848e-02
2.591266809763599910e-01	6.587375862349587052e-03
2.597673980482569922e-01	1.755365685174359314e-02
2.611487744287080970e-01	-2.988978231825756282e-03
2.616013850638840288e-01	9.178615827065250699e-03
2.616054850500344475e-01	1.369802272950781941e-02
2.626246360628354259e-01	3.374268533778534973e-03
2.629997413021123442e-01	2.251366193403292471e-02
2.630507388667615021e-01	4.368027991475065264e-03
2.631925044416322246e-01	1.460659138437137017e-02
2.633800947556271255e-01	2.455896874159746446e-02
2.645168521604095435e-01	1.792823151815126081e-02
2.646936502902092481e-01	2.239961996090089613e-02
2.649767465050691384e-01	-1.126779693811807981e-02
2.655206470723245338e-01	-3.789122607850470281e-03
2.663496677514221589e-01	1.160684514389775934e-02
2.676352830692110829e-01	2.024660759298790857e-02
2.687773582778123505e-01	1.870997659382278577e-02
2.698763053435553894e-01	1.355462417436936740e-02
2.734545204135132024e-01	5.616242534057347413e-03
2.741924077370886947e-01	6.671374738826063577e-03
2.754467541364573058e-01	2.347066517311691136e-02
2.760858358531995127e-01	3.766551000381923586e-03
2.761208568098649785e-01	4.624703293398035875e-02
2.765273875441195961e-01	1.283028621200044128e-02
2.784676668456750326e-01	1.246737885495097231e-02
2.786434037343636927e-01	9.152032824537359446e-03
2.789374545091078406e-01	6.353124641864660305e-03
2.794449771228671997e-01	4.908036456624742527e-03
2.798450824191378028e-01	1.852740628258575661e-02
2.814772132566539242e-01	1.427695785703098075e-02
2.827133329849180754e-01	-8.253127974307106207e-03
2.832344719600370930e-01	2.516572892487389801e-02
2.844842254470560938e-01	7.810037247690582163e-03
2.846810305814088671e-01	8.280201212827353885e-03
2.849854560028618478e-01	7.740144152140526757e-03
2.878391275514112779e-01	-2.037460749303221519e-03
2.880598599033831753e-01	2.263760636243006275e-02
2.935183390603690046e-01	5.383050706450953626e-03
2.942259665144494885e-01	2.748525775017207629e-02
2.950899385606315373e-01	-3.916836563085723810e-03
2.960032844145715214e-01	-1.216683454280276244e-03
2.964151793456990536e-01	1.354668929981683867e-02
2.973642478512467657e-01	2.068308918611339031e-02
2.978168700846862138e-01	1.173300848570568711e-02
2.981534690891131656e-01	2.252449234507980513e-02
2.983304005989432239e-01	2.736072578286918855e-02
2.998482711435002668e-01	1.459864827422174827e-02
2.998913470941727555e-01	-8.067592455301197951e-03
3.012839215980418484e-01	7.064946252789860992e-03
3.015842644307396014e-01	2.208032906978463217e-03
3.019914968599365368e-01	6.582091399185197034e-03
3.023773130955640376e-01	1.251176763324424179e-02
3.047755150369825250e-01	1.428344136481740634e-03
3.087219807724834730e-01	3.403928663526700760e-02
3.091175801433808101e-01	2.145349649329197916e-02
3.100058969446682910e-01	1.202993644426597619e-02
3.112952758989658841e-01	1.628341760318163800e-02
3.136590889890801814e-01	2.246789294193374253e-02
3.139099536296484638e-01	1.512834923051320501e-03
3.145598913210351233e-01	2.030486953129240213e-02
3.179923162186845675e-01	8.770095673839684025e-03
3.187003612102513594e-01	1.137943679775554884e-02
3.210103061654980272e-01	1.187260782830579231e-02
3.213695391811628443e-01	2.060779124600098378e-02
3.220141822652576313e-01	-9.867765828184271726e-03
3.225710670885113540e-01	1.272348038520632052e-02
3.226825843921505843e-01	1.090419644262885512e-02
3.240969868279436339e-01	1.174018368328422213e-02
3.263772054338166528e-01	3.201136358986733654e-02
3.264598662578454547e-01	4.510959488869481504e-03
3.283246582613524311e-01	2.990915330206345146e-03
3.286869532185836551e-01	2.040523822047091151e-02
3.308261775341093114e-01	6.269152320877324769e-03
3.320524793323131330e-01	2.606028826010264865e-02
3.322892346853226764e-01	1.124107229888871018e-03
3.360678735478481172e-01	2.968427260947636981e-02
3.362229597283589722e-01	2.060168368680503903e-03
3.366653406951199412e-01	1.466097999742110858e-02
3.377027357764205706e-01	1.602192401623692142e-02
3.389971889710033937e-01	3.526763526668474924e-03
3.391985174281246795e-01	1.426621480250922502e-02
3.392882299963669301e-01	9.005838826740442116e-03
3.398677372325950574e-01	1.570876311554236793e-02
3.405257821101744797e-01	3.582197268417819380e-02
3.414476758843205673e-01	1.024027720751408133e-02
3.440150384990180998e-01	1.033881832878758011e-02
3.443606783498504020e-01	-4.856368156028745275e-04
3.450944250933531410e-01	1.584797540343152455e-02
3.453417348661559916e-01	7.355122904591615551e-03
3.457755563144472855e-01	4.785315423209590691e-03
3.463947818040620241e-01	6.020798392136761379e-03
3.476023987997527986e-01	2.027432858421529538e-02
3.492441793925084026e-01	1.279642428068394899e-02
3.506720996044211947e-01	1.129363039141573211e-03
3.516106194893074965e-01	1.880033567095407143e-02
3.527313886878427063e-01	-5.133059699296227407e-03
3.553912300566294258e-01	1.363033533672353137e-02
3.557582803018993212e-01	1.573196383861219516e-02
3.588635993738039653e-01	1.939823986245126086e-02
3.607211598600130742e-01	2.447262806778649491e-02
3.615251804821170145e-01	-5.486965865751813887e-03
3.615525233883395417e-01	1.821618969060301296e-03
3.622300359512188317e-01	3.328850821404261140e-02
3.632854953279348043e-01	9.127216457671893934e-03
3.642623242771913517e-01	5.359160396440909579e-03
3.643437730826834531e-01	1.022520377593538754e-02
3.648418721073417581e-01	1.253582791037732846e-02
3.660148334916675239e-01	1.013644257404644478e-02
3.661577878885479698e-01	1.279912946223737968e-02
3.661593130601993873e-01	1.141846802460033672e-02
3.661947167595606678e-01	9.939502435948321946e-03
3.676052221788146945e-01	1.064939273800735720e-02
3.696298788473982855e-01	2.917796527255345218e-02
3.720457797389315480e-01	3.649726242418815936e-02
3.726531692006353480e-01	1.002471131129945014e-02
3.739854153368622480e-01	1.795054537057461097e-02
3.760455568926516778e-01	-1.132821937978034654e-04
3.761403379020473725e-01	1.039027941048931147e-02
3.782832330679736232e-01	1.033342111584656386e-02
3.792802140000771094e-01	2.628475896699811187e-02
3.797758077998174553e-01	1.143095088281742555e-02
3.817587513136908584e-01	8.273143418609851807e-03
3.833081865323876292e-01	-1.829709540535295886e-03
3.837397289218994478e-01	-2.862890266401296735e-03
3.848832829090981233e-01	1.581494818149531412e-02
3.849205423306208407e-01	2.777677455643257076e-02
3.877575529736395632e-01	7.828601965622628001e-03
3.890484397021933272e-01	1.204140151162991224e-02
3.892337451582769114e-01	1.045505151368075758e-02
3.909100363841035986e-01	9.973175826697211477e-03
3.916721466810177410e-01	2.749793890361940107e-02
3.920362335699610901e-01	1.403017657630933890e-02
3.927967375073791456e-01	8.076566556577624567e-03
3.937895778594099339e-01	3.398019260504980821e-03
3.957412002626772285e-01	3.617320966788262204e-02
3.964006253336141983e-01	1.429209174427614748e-02
3.973612109148264016e-01	9.051397025250373929e-04
3.985346014349020471e-01	6.965889736038510804e-03
3.992457547610892554e-01	-4.632263926135027354e-03
3.996229186921390064e-01	4.287736241287420924e-03
3.996517345778271557e-01	1.269148746966575203e-02
4.017888712059212164e-01	4.857687552864975444e-03
4.048277206296556074e-01	2.902972314868312864e-02
4.060725390555515735e-01	6.154234673927172494e-03
4.072910932137313589e-01	2.150731129548244525e-02
4.099824760601308293e-01	6.155161376651507865e-03
4.110089687737329966e-01	1.652812572497430743e-02
4.115556587233623609e-01	1.078167411212516136e-02
4.122088091337409721e-01	-1.493814916021740657e-03
4.128056093808610272e-01	1.055798813908270795e-02
4.144733062934275458e-01	2.425128948338817203e-02
4.144778992057771005e-01	9.529744460635036774e-03
4.150936046224168452e-01	-3.251339707610600982e-05
4.155788005789213813e-01	8.005726568823812173e-03
4.165478528924951296e-01	-1.715703777720789525e-03
4.166592252178404898e-01	1.475591143991206167e-04
4.182880331528612272e-01	1.017105293266418187e-02
4.196613197445148158e-01	5.450187368685188716e-03
4.199010152573239840e-01	1.074173653155829911e-02
4.199063040654840706e-01	2.398859454787860557e-02
4.214894554362015877e-01	-4.847314362451671244e-03
4.217160217147185031e-01	2.904412937480804757e-02
4.229076041111080597e-01	9.682245023937108286e-03
4.235530068814626348e-01	2.797123169954618405e-03
4.249108155904634532e-01	8.120855683442007589e-03
4.250436447033004717e-01	1.259010551887196350e-02
4.254757554077241988e-01	-8.542278583398399405e-03
4.260930497864647282e-01	4.287396993793990418e-04
4.268794468471667214e-01	6.704597024289604690e-04
4.268967862511126587e-01	1.004954974927851907e-02
4.270242453679450323e-01	2.131539735289011972e-02
4.295513736065298405e-01	1.178817494948591893e-02
4.297164168962631647e-01	1.501401613775898980e-02
4.298416143517112542e-01	3.628994356615233841e-03
4.311629349237126596e-01	-1.416425868198400995e-02
4.311917798050595718e-01	9.959873772993121932e-03
4.319320737683132183e-01	3.572516543797865651e-03
4.319344746088595866e-01	1.247211060029895791e-03
4.329372604718493278e-01	-4.361230540299354530e-03
4.329491022988920523e-01	3.248223502601899071e-03
4.345397113530458655e-01	8.507005583754834177e-03
4.354236962029127134e-01	3.463267341098807961e-03
4.360137984528563160e-01	1.490698003044976794e-02
4.368626521625543768e-01	9.911132080388407317e-03
4.375347077424526776e-01	1.089712028087963525e-02
4.379931407059101667e-01	1.089628231763550836e-02
4.382408564179357535e-01	-2.003267505782169167e-03
4.386997185171430669e-01	8.972116716883249410e-04
4.411677014109636197e-01	4.563881681379111654e-03
4.412753274971955575e-01	-7.177617707813999104e-03
4.416170529340934792e-01	-1.318420697785094298e-03
4.416821481880378597e-01	-2.434139468850149424e-02
4.417980148404929697e-01	6.215213532820840214e-03
4.432866229662167368e-01	8.230611967792844652e-03
4.434154738746701740e-01	9.288580230945031602e-03
4.444634001792369671e-01	1.156240286929666183e-02
4.446121711052671843e-01	2.297815413423220932e-02
4.467421806004349127e-01	1.674152109153670409e-02
4.475566222623016954e-01	3.107809240230552383e-02
4.482654559357870938e-01	4.314191108899745331e-03
4.484163145492489067e-01	-1.293125737151590293e-02
4.487389086504887659e-01	4.434171754850613212e-03
4.494974640796373655e-01	1.400075737939077136e-02
4.497725226978854796e-01	-7.506298432698566003e-03
4.502738634371945547e-01	9.674340465306796588e-03
4.506439234318450615e-01	6.846534013397853613e-03
4.526277078198228110e-01	-4.751986569367705471e-03
4.556696075868601481e-01	4.242690570276597128e-03
4.575108087223898057e-01	8.687686841737374266e-03
4.583672013033687209e-01	3.355901501863067793e-02
4.589351740665371104e-01	2.930131870887864309e-03
4.591387119928568850e-01	3.064162701747985551e-02
4.594697090360089775e-01	9.753202832994967153e-03
4.596595146183340974e-01	1.041596440288405923e-02
4.609014566748797503e-01	-7.372005049324448223e-03
4.624457190680515417e-01	1.640670044437420039e-02
4.628760320416314133e-01	6.644023341690674656e-03
4.630481560712370048e-01	5.559652891638400263e-03
4.636683674132500155e-01	-1.212267860054461188e-03
4.643060979322933823e-01	6.449525348831475213e-03
4.646371993598170658e-01	1.184325122710028211e-02
4.647430219160733622e-01	6.502549673781610196e-03
4.666866937097052248e-01	8.199596713503787271e-03
4.670678126486115800e-01	-8.692026547920450597e-03
4.670782336883744223e-01	-4.847162284292716450e-04
4.705148977513364250e-01	4.279917613515338282e-02
4.706100673025596648e-01	1.125859163241926808e-03
4.709847550043502751e-01	7.376369940008009607e-03
4.714161698129634703e-01	1.705548547771273959e-03
4.724666825302928364e-01	-1.089451323688317430e-03
4.724863879799946487e-01	1.933383332449212233e-02
4.728181679059336173e-01	1.055268283067922752e-02
4.728520174379847174e-01	-7.721550460632387036e-03
4.738613853155158040e-01	1.811866503306580611e-02
4.755641901717241327e-01	1.360363507044359821e-02
4.757710220048804173e-01	1.970990856532295332e-02
4.759596387651958693e-01	7.717961301229925297e-03
4.771282739972327880e-01	1.893011771197117277e-02
4.776193328759411605e-01	4.370618154806882316e-03
4.777832337367188265e-01	1.962932945883033575e-02
4.787194513662985651e-01	-1.306307153624075568e-02
4.790446260811691559e-01	1.067424653809667667e-02
4.791130848315311441e-01	7.912704421381366870e-03
4.796374655213008764e-01	3.839681864145516599e-03
4.805909819609043288e-01	8.677095890444963544e-03
4.809751280465864864e-01	-4.772152825562869793e-03
4.814270137902931235e-01	1.725070469709244492e-02
4.815750018335364646e-01	2.280113050503795868e-02
4.822159508707035691e-01	-7.483627985859220288e-03
4.844913909920108841e-01	4.183588534885540611e-03
4.846692503629216886e-01	1.620488758457550027e-02
4.850267784338507249e-01	6.254138141021936548e-03
4.858835247618666364e-01	1.720779455057330765e-02
4.874795734016061921e-01	1.683620095329807498e-02
4.876348103595426475e-01	2.382940685733947461e-02
4.880291687162445213e-01	1.473322230226536966e-02
4.885325971429852476e-01	-7.358108440673305495e-03
4.892504890602711876e-01	1.500859394999021212e-02
4.892679966390380830e-01	8.963276469021952408e-03
4.897394080593621135e-01	7.032204584461965169e-03
4.901362890383772486e-01	1.385271336929116970e-03
4.905244771188922992e-01	9.024425572354388692e-03
4.915310208192589791e-01	-2.127203077384998142e-02
4.927695297898059823e-01	2.134136007120601697e-02
4.931018954280522171e-01	1.783429368869238196e-02
4.941825752287685170e-01	-6.662938410410768064e-03
4.959699604216163404e-01	1.050205111322233265e-02
4.964570063011505274e-01	8.613273827707379482e-03
4.967615767008973782e-01	2.350657015721013821e-03
4.971677594872466743e-01	-1.465764947465419965e-03
4.974713556328587694e-01	2.606387940489507393e-02
4.976731596187839446e-01	3.739186079900536086e-03
4.981908829052995036e-01	-2.395040841927098541e-03
5.002478813316779682e-01	-1.077792481981387773e-02
5.014774654384548391e-01	4.463313396484869244e-03
5.028690714873208512e-01	-3.811447580055471462e-04
5.051463035403404023e-01	8.728472333179526643e-03
5.055102338527263095e-01	1.528058042087621082e-02
5.059941597993765638e-01	1.456211076846192221e-02
5.085634767214753937e-01	2.018299311494220483e-02
5.107242680079960850e-01	-1.551414780017235095e-02
5.108925878071707283e-01	5.002540015042189481e-03
5.111079037700839711e-01	-1.579945909441693441e-02
5.133041451490198970e-01	-1.897164373574344864e-04
5.141129906487436063e-01	1.335085761337473365e-02
5.144495374609847627e-01	-1.535934372417613325e-03
5.152735302928512784e-01	-3.149205405186594753e-03
5.155396118551434093e-01	5.692194358737134863e-03
5.171851096913536727e-01	1.096462515722329556e-02
5.175069209098066558e-01	1.873681137094052040e-02
5.182471046895569255e-01	3.658944600944291636e-03
5.183626465906338021e-01	6.323928172738746412e-03
5.190595804457589502e-01	2.036755181537852621e-02
5.191168468718346807e-01	8.507005583754834177e-03
5.194624287313494015e-01	-2.981999271143953578e-03
5.203828263295028345e-01	1.272525261706647370e-02
5.208599035015510914e-01	-2.585128268296155163e-03
5.225151670756359445e-01	2.536563820630988175e-02
5.231130633586575929e-01	7.544506389885796693e-03
5.235200522243207422e-01	1.833417634195932955e-02
5.242272389443879410e-01	4.893968126613801317e-03
5.252545957286215428e-01	-1.055225598467934844e-03
5.253164376696516369e-01	1.145843234495380614e-02
5.259802700807220122e-01	2.274630555758427874e-02
5.267708077214967588e-01	8.661116770883214855e-03
5.278294682189411668e-01	6.532585670599111438e-03
5.286125075823572272e-01	-9.824265072800764109e-03
5.291818199449609406e-01	7.136647731689205187e-03
5.297323141250211975e-01	3.163316865588683413e-04
5.309362138772574236e-01	-3.600916531655729003e-03
5.332741976345370949e-01	-1.114539719442120269e-02
5.346854859365779422e-01	-2.727968587865059469e-03
5.356793585340610120e-01	2.022959949323799300e-02
5.369913425039376520e-01	1.284978298905281591e-02
5.393602414326006400e-01	4.629113044880561745e-03
5.394564606266715190e-01	3.653675511691156785e-03
5.397498676977908749e-01	1.209127140521304433e-02
5.400990798137839111e-01	1.622725725781881678e-02
5.402370643547507179e-01	-6.340018696031179957e-03
5.406617463713969673e-01	-1.778147826539500098e-02
5.416452269247759022e-01	-5.548975802472044805e-03
5.422223333204576612e-01	9.596235665441099627e-04
5.427818509495279109e-01	3.978099612441665656e-03
5.431015686814175680e-01	-9.196985197256646316e-03
5.433917862300720047e-01	3.909618269124504053e-04
5.444472746024466847e-01	-1.244740419822698563e-03
5.446228665128415303e-01	-1.842746202149081469e-02
5.446438535706610296e-01	-9.469347900670777030e-03
5.456885845536311175e-01	-2.872533390560150224e-03
5.474698574616096991e-01	4.084815433081478986e-03
5.477267647974662923e-01	1.624775542421574848e-02
5.488295392901672010e-01	-2.548381469559379831e-03
5.493557351081761464e-01	4.490113410209328748e-04
5.499597668725940691e-01	1.965261973510412652e-02
5.513219713234647212e-01	2.537345251368394727e-03
5.530516377579599574e-01	-7.362405439124697359e-03
5.545480805106840494e-01	-4.439907506913587376e-03
5.559770677628397273e-01	2.841180348229332964e-03
5.573714805914750103e-01	8.253641875644479597e-03
5.583349309437738439e-01	3.539056556638664475e-03
5.588292663319235354e-01	-6.999655003796290131e-03
5.604671557072717913e-01	6.526374449598915106e-03
5.609468192920825658e-01	-4.284198116045523363e-03
5.614481832279186735e-01	-1.127125742490986404e-02
5.627823546758881079e-01	5.164077445799275523e-03
5.630663961492239356e-01	-4.203766237350747836e-03
5.631943191965966822e-01	-1.413701551413737434e-04
5.649949959994258197e-01	-3.372272146735522114e-04
5.668850664182507604e-01	-1.059450193697542009e-02
5.674136746750695348e-01	1.177391711232766980e-02
5.681163844654221196e-01	-2.746338848374274555e-03
5.686830524239457896e-01	8.709891039175410299e-03
5.697907619777698995e-01	-1.715579943368139570e-02
5.701861061868700453e-01	-1.084652881308767469e-02
5.721420315458991546e-01	4.772081697258512278e-03
5.723343771479326714e-01	-1.306095037383991908e-03
5.730322678597973285e-01	6.471587578254833772e-03
5.743559486784228785e-01	-3.365494192865470247e-03
5.745805258547479477e-01	-3.613213869875120388e-03
5.757742075368326162e-01	-6.550104251488164664e-04
5.776746815980251526e-01	2.770708263772458935e-03
5.782216151111881919e-01	-8.057999572062657379e-03
5.787499624070779891e-01	3.739186079900536086e-03
5.807670222130631998e-01	-4.343715357806421373e-03
5.808791136307460690e-01	-1.015033740632464987e-02
5.812722599689112979e-01	9.619289255661911398e-03
5.833503672348762104e-01	-1.094036189575364748e-02
5.855715390812248344e-01	2.187891777292305662e-02
5.859221429888389343e-01	-1.040502948761257151e-02
5.869976093701079201e-01	-6.822575150723819704e-03
5.874237063749022658e-01	-2.052634464954239402e-02
5.875299812634353636e-01	-6.722221982701448439e-03
5.887802566723122633e-01	7.988922531622977274e-03
5.893987572704577627e-01	-3.140483098664992312e-03
5.906831141766558657e-01	-8.961059499659640437e-03
5.907125505694418299e-01	8.123455524935874195e-03
5.938077211607760697e-01	7.336869964149617118e-04
5.939570893973769028e-01	-6.147992303171423423e-03
5.941489942653971346e-01	6.016443478394473132e-03
5.948826772184506728e-01	1.714970946293492560e-02
5.949996978981249018e-01	1.920850573537258299e-02
5.952767572168282673e-01	-9.028146602706010881e-03
5.956030975571815489e-01	1.375675103969697943e-02
5.976737239431830773e-01	-1.604327260093185714e-02
5.982402295260176306e-01	-1.800408904676997768e-02
6.003361053316783602e-01	8.840060202981447901e-03
6.033387739723963250e-01	-2.073543573243685767e-02
6.048751495463819960e-01	-3.544934193341564566e-03
6.059417896491205990e-01	-1.455815608040345044e-02
6.064803144212396191e-01	1.221749516262038426e-02
6.065274845589307962e-01	6.031454111638634430e-03
6.071526657568574459e-01	3.005249732284220876e-02
6.075362667241547276e-01	-3.510792600461165591e-03
6.097058089004929737e-01	-1.963382330437790646e-02
6.102005038348113919e-01	1.750388149727832854e-03
6.106633673349292080e-01	-4.125896119894334468e-03
6.109844420636494355e-01	1.706211967589732481e-02
6.111409084375177825e-01	-1.485905824327171665e-03
6.120207237116531696e-01	1.261584643274593631e-02
6.128159528500173314e-01	3.691576594369028186e-03
6.135555973105144556e-01	-7.712868161497410391e-03
6.160422824042433021e-01	4.731548712075372976e-03
6.167051927533646616e-01	1.296285303781652409e-02
6.170818695573471180e-01	6.039873111934945804e-02
6.177703714749012143e-01	-1.336208805364114127e-02
6.180745243371617015e-01	-2.788405470219856852e-03
6.192823559007274437e-01	-3.302430111114196265e-03
6.196790165127358252e-01	-1.248641374618852939e-02
6.207851255061956897e-01	-9.402290666201240654e-03
6.207889645314171867e-01	1.518249233316781854e-02
6.216746253303611081e-01	-6.927217062160817562e-03
6.217163558824665426e-01	-1.644330400849347562e-02
6.220916524930912850e-01	-1.978622952099196031e-02
6.226880526001202787e-01	-1.105183723322356037e-03
6.227258165461057038e-01	-4.173132547838354078e-03
6.231646600424963767e-01	-1.231204075686320731e-02
6.232573475653286899e-01	3.258757451587879217e-03
6.241930490721823155e-01	-1.451921817805623682e-02
6.250953823749204608e-01	2.321576666795444055e-03
6.261868079667778364e-01	-1.469492574820696618e-02
6.293478914896338816e-01	-1.028334334472680300e-02
6.301552524116283971e-01	-1.897137560938766399e-02
6.307906110857841586e-01	-1.309252277792183339e-02
6.318507445626941887e-01	-5.955928800899790154e-03
6.328249928983200601e-01	-1.410490408171760635e-03
6.329178138011827270e-01	6.524613065545192825e-03
6.344190582349995555e-01	-2.262720817668650852e-03
6.373106271095646536e-01	-2.147654654123642981e-02
6.376355988548239040e-01	1.128349531540528972e-02
6.394295892587400498e-01	-4.532606303280117821e-03
6.396001939158260097e-01	-2.458390067557414405e-02
6.408476567458020190e-01	3.573440868670729742e-03
6.414714693486345265e-01	1.035119480525326097e-02
6.418303602155258636e-01	-2.572445995512739891e-02
6.440678566177634456e-01	-2.199129717320347233e-02
6.442832363711259447e-01	6.758069670850463950e-03
6.453777934941307137e-01	-3.432042207899943520e-03
6.467539506560028295e-01	-4.575422714220400700e-03
6.473197081508409445e-01	-2.734949326721358709e-03
6.474097628678567862e-01	2.669396002888957398e-03
6.483235610540735161e-01	-2.423085880901798550e-02
6.500466860679496861e-01	1.908319355534282558e-02
6.510917360031662771e-01	-1.155697898985874605e-02
6.511477788124417909e-01	-2.621965575177243046e-03
6.514518504868577198e-01	-1.649086204137983902e-02
6.523023859447646400e-01	9.261994331819956017e-03
6.526180674809530791e-01	-2.991641243420217755e-03
6.529390030305111114e-01	-3.698923937108800075e-03
6.547601797640925092e-01	-3.465268656932196656e-03
6.555000503907280063e-01	-2.174382179308864682e-02
6.558764430372544529e-01	2.409564521082230293e-02
6.572865947094714834e-01	-2.713629930608241203e-02
6.576513948916206109e-01	-1.247316101749107453e-03
6.586514261670269876e-01	-6.740610149597925371e-03
6.587116443511658037e-01	-7.039804566521645768e-03
6.589945897886000381e-01	2.109737419193757901e-02
6.624777512899696630e-01	-1.292941366329514175e-03
6.629035583381762686e-01	-8.209503108549398576e-04
6.637907965009574029e-01	2.657944759524522027e-03
6.644056378469657131e-01	-1.871814828066642455e-03
6.646138846682702050e-01	-1.033639487358894993e-02
6.657195181329261802e-01	6.455643397605737022e-03
6.664184584876383655e-01	-1.474855750958758982e-02
6.666398925345525805e-01	-7.498102956927654716e-04
6.667618598736133606e-01	-3.266388390453789370e-04
6.672817288388781520e-01	1.047990053454572745e-02
6.679064751019231361e-01	-1.837059489223613618e-02
6.694033875843193870e-01	-7.785248795199928296e-03
6.706603667895044696e-01	-1.656776530836101546e-02
6.714592203852152164e-01	-8.832257788290664990e-03
6.719157454343254177e-01	-1.127216807731457049e-02
6.741403213710139841e-01	-2.192602469353710504e-03
6.749806155622423143e-01	-5.157616405447540409e-03
6.752684322703503828e-01	1.713390720164298386e-03
6.758139449962335954e-01	1.093445690366023904e-02
6.768490030274371128e-01	-1.387680721466666434e-03
6.773344947396611193e-01	-1.365410971904557069e-02
6.783150525306358425e-01	4.366270384448256436e-03
6.784423724683060763e-01	-7.311023090079360465e-03
6.790164923111342565e-01	-2.131210407138817153e-03
6.810695705244467213e-01	-2.015549961883189578e-02
6.812491696348838000e-01	-1.354663326626992514e-02
6.820706166479100219e-01	-4.833290750360652588e-03
6.842321676206906123e-01	-1.010776079038622211e-02
6.848278138405914373e-01	1.402933601597977642e-02
6.850884848129566995e-01	-1.572167984866124080e-02
6.856316372922157676e-01	-4.651515858806298809e-03
6.858155103627560090e-01	8.998850704178273929e-04
6.858357957256332460e-01	2.570435477925481216e-02
6.874779648602163951e-01	-7.492312290794500562e-03
6.874834102449338680e-01	-8.210469753292315431e-03
6.902096574714414734e-01	-1.371997073505004661e-02
6.905392801203678044e-01	-4.293827495003399441e-03
6.921981855491944335e-01	2.089241133371277925e-03
6.942319874485549658e-01	3.610506997599571832e-03
6.957249681196215896e-01	-1.253498164739785814e-02
6.972947408933813929e-01	-5.154633812374243007e-04
6.975005404810854515e-01	-1.463085419966680956e-02
6.977116462743448988e-01	-2.038785812396692876e-02
6.977485635470940251e-01	-3.311151000632284180e-03
6.979583703348404278e-01	5.797332264273036273e-03
6.981802219192410064e-01	8.798433975483632707e-03
6.996888428486495171e-01	-7.759934451724403992e-03
7.016333845120444890e-01	-1.814815978663397722e-03
7.016948611077741260e-01	-8.182815013400013271e-04
7.026969452758214940e-01	-1.021725284037944270e-02
7.079842746573365986e-01	-9.381488315852393178e-03
7.098238172411844848e-01	-1.394513676321684770e-02
7.105297339513972910e-01	-3.630650134051061073e-03
7.109959087557470303e-01	-1.596025589950211820e-02
7.112509835659691637e-01	-1.790577022992256850e-02
7.119804563493689065e-01	4.562956444277066481e-03
7.122277081308541202e-01	2.273203606190099535e-03
7.122554975702217739e-01	9.511148406786684717e-03
7.122754407843254754e-01	3.568172228301857984e-03
7.130682516847479668e-01	-2.845992524960982983e-02
7.132794212684566704e-01	-7.018861147505273124e-03
7.160673074663829185e-01	-1.039719098097002803e-02
7.184535631963872016e-01	-3.253408112144917652e-03
7.205189529664144388e-01	-3.176381786685555930e-03
7.207890069339584205e-01	-6.128538076360934284e-04
7.216909342974737740e-01	3.219117113339553526e-03
7.217259494550074539e-01	-7.511508905761021815e-03
7.223820342260538485e-01	-1.701158524349111190e-02
7.241949355986215808e-01	2.962642340454557655e-02
7.245401521128357336e-01	-1.146666420916131468e-02
7.251547035022563037e-01	-8.174752358280912290e-03
7.252455700977177289e-01	5.167595455202400601e-03
7.256488823138486088e-01	5.574656709172787217e-03
7.269720992019337302e-01	-7.865391392452347752e-03
7.270995699170296200e-01	-1.535763117636368413e-02
7.286451719096366242e-01	-1.093690025084703699e-02
7.296078915713345436e-01	-9.503285342247091982e-03
7.302492407485926540e-01	-1.150144366016547792e-02
7.307966381922961219e-01	1.125061649372227635e-02
7.310580978465799351e-01	-8.379447660994632230e-03
7.313256523883376881e-01	-1.766676109842857390e-02
7.318141480508104646e-01	-1.166203237431562290e-02
7.320072301425769590e-01	-1.162034007975554228e-02
7.329342735457210489e-01	-3.614957510025051945e-03
7.339892921884235699e-01	-3.819214547732474596e-02
7.385356955013238078e-01	-7.423475661580525298e-03
7.388113224344837748e-01	-1.232159250007502926e-02
7.419204631342146694e-01	-5.980373643253544813e-03
7.434985634611740446e-01	2.836746833894787656e-03
7.447984040491567592e-01	-2.745512193923382860e-03
7.450015824293076960e-01	-1.486887804719660977e-02
7.477638074692203318e-01	-4.812179894394530422e-04
7.488713662456187858e-01	6.381395046119120451e-03
7.498324099582395208e-01	-2.056333122276665648e-02
7.500362900333328309e-01	-8.519344340907064606e-05
7.500726215937748576e-01	-1.461350454422083445e-03
7.505925543494887942e-01	2.026666514462371893e-03
7.515739472154362444e-01	-9.194338760149967094e-03
7.517300366457405625e-01	-1.278996940511611946e-02
7.541307438120770090e-01	-1.049635262876624786e-02
7.546732467885796103e-01	-2.818163318802358042e-03
7.550866146991728201e-01	-8.627655956923385716e-03
7.560950199208326117e-01	-1.210378979648629727e-02
7.565015158602966805e-01	-1.294598506896882384e-02
7.567344901794024192e-01	3.864368200430012834e-03
7.584808291176917683e-01	-8.937416422604149702e-04
7.605495475893461199e-01	-8.914050184051891534e-03
7.610459068744780398e-01	-7.783512452918639468e-03
7.613137281762966113e-01	2.119976116063737592e-03
7.618211348074208633e-01	-3.380364617626030466e-03
7.618517484239529791e-01	-6.696057138532274244e-03
7.624621302376420884e-01	-6.874074252497863746e-03
7.630069586659782299e-01	-1.337244748818866569e-02
7.640610204519413529e-01	-1.763482246831415967e-02
7.648425114471789632e-01	-9.578089574836079478e-03
7.649885219864940300e-01	-8.819203243373596735e-03
7.693830286413483321e-01	-2.926940127611588061e-02
7.701959451315636418e-01	-1.889728082955599575e-02
7.710376079178861142e-01	-1.016246274562915275e-02
7.720447953218775305e-01	2.699409962959586906e-03
7.724931551934773877e-01	-5.251072952556334883e-03
7.737685350437195630e-01	-2.477919141954265658e-02
7.741730650775189293e-01	-5.285154920161461156e-03
7.747203465385872345e-01	9.253163506288464291e-03
7.749614164456221088e-01	-1.313669799260042126e-02
7.762508765877642603e-01	-7.876722320571794000e-03
7.771236401176861985e-01	-6.328670217392806663e-03
7.795750490929522769e-01	-1.382652000337003528e-02
7.803970238269681836e-01	-1.619107211998815909e-02
7.804823696489993079e-01	-7.244734102514249763e-03
7.807413936679462596e-01	-2.597433735609955274e-02
7.811060720683286052e-01	-6.771988175664156451e-03
7.841681064208174678e-01	-4.359396504220236501e-03
7.843351272144791775e-01	-1.608477832527710483e-02
7.853153370575485237e-01	-8.507668703821025247e-04
7.872440064973315055e-01	-1.397982901441541248e-02
7.882653263854086934e-01	-2.055214518697545678e-02
7.893352951897744108e-01	-7.284873756060017413e-03
7.920230187840368030e-01	4.991062125407008665e-03
7.927443495864531231e-01	-4.208168606299134140e-03
7.928182885163231886e-01	3.814164042273526789e-03
7.928258099902087963e-01	-1.361858836627194425e-02
7.929566442017222938e-01	-7.528054261689121063e-03
7.943735750589602240e-01	-1.684751927245975445e-02
7.959394334187858133e-01	-6.817361060822646479e-03
7.961200067833577032e-01	-7.558584746886198857e-03
7.961332693976802544e-01	8.770095673839684025e-03
7.961975469740473210e-01	-1.262347095151705734e-02
7.971619715804809658e-01	-7.017123464073571348e-03
7.984990831882499140e-01	-7.729410160652427919e-03
7.996513358730803489e-01	-5.283414202802649839e-03
7.999658865785767015e-01	-6.927473733874256467e-04
8.012271861369189008e-01	-1.386457701144416799e-02
8.033707656003922226e-01	-8.179959322042296144e-03
8.060303692047769974e-01	-4.345457719603706970e-03
8.070639774530419253e-01	-2.947322918417172311e-02
8.073356203826866917e-01	-9.363149039415930019e-03
8.074457400955730169e-01	-8.199964770636003486e-03
8.074798041954990291e-01	4.894801114351698956e-03
8.076698649396213403e-01	-9.122973549415047678e-03
8.079414556770803113e-01	1.873568990880647434e-03
8.080539762305130047e-01	-7.465344990242539502e-03
8.088252781512580425e-01	-1.456859371814445137e-02
8.101221263872554479e-01	-5.608325857417439941e-03
8.102812719599944424e-01	5.758425326548133327e-03
8.114329911247034621e-01	-2.862890266401296735e-03
8.115020529847678521e-01	-2.112828815442613362e-03
8.118871153332672952e-01	3.060571422255131679e-03
8.143678099238936818e-01	-1.564217186626459810e-02
8.146011611865634494e-01	-1.957940902793664506e-04
8.160700232686630695e-01	-8.173612205455427215e-04
8.170746822512094942e-01	-5.809247122218752502e-03
8.180912410521161693e-01	8.874626143583030924e-03
8.191914175337912107e-01	-1.600085882941404414e-02
8.197291362265962666e-01	5.641067652528697351e-04
8.213294472281753578e-01	-3.278282580788693945e-02
8.232251370056704598e-01	-2.193283484909602787e-02
8.233250444475370688e-01	-2.451087782972427576e-03
8.241749825948732067e-01	-7.687643366726448768e-03
8.247432105198388985e-01	-9.859011112786197906e-03
8.249089439062509133e-01	-7.390381187036609845e-03
8.271445729880635422e-01	-9.934700364535697936e-03
8.273425031539767271e-01	-3.065574798735726247e-02
8.283892696321927263e-01	-2.276780653517218589e-03
8.287893169371457480e-01	-2.436197275004614582e-02
8.299285157763968135e-01	-1.667310124815790662e-02
8.300913148021411558e-01	-1.998934078004899195e-02
8.320207265307886235e-01	-2.457105359355249430e-02
8.333713443164137979e-01	-1.486715410102923407e-02
8.346124686953821925e-01	-1.700298423087487354e-02
8.358562316792987890e-01	-2.601282264859561266e-02
8.372789442708959973e-01	-6.997423584528261742e-04
8.389448086578281671e-01	1.505412252951354724e-02
8.391762868009411402e-01	-1.595418344230803420e-02
8.393730803370303972e-01	2.216168894314507476e-02
8.397757140547459365e-01	-1.233632929411609958e-02
8.400137626141368496e-01	-4.620895943419967011e-03
8.405426724258068250e-01	-1.027121948618681113e-02
8.426652300366700432e-01	-3.031767532694673584e-02
8.430237613573925426e-01	-9.619868016567334479e-03
8.451001752768850794e-01	1.344874977291965479e-03
8.451382407777217054e-01	-2.462926838759837977e-02
8.471954595711068681e-01	-6.264146161832018223e-03
8.477696779991747977e-01	-4.020041697083032162e-03
8.477725021763392599e-01	-1.123310033526059293e-02
8.478706466821526178e-01	-1.390617463855103875e-02
8.485748062554439031e-01	1.164420797976273292e-02
8.490716468685114426e-01	-6.686450991305048497e-03
8.504436924459696234e-01	9.782498795640970357e-03
8.531952818782443382e-01	-1.545448217258249546e-02
8.535665654896951171e-01	-4.219248683515797183e-02
8.552749201149925096e-01	-7.508035260090140106e-03
8.556497122011545997e-01	-1.087349534834225473e-02
8.563791385915002774e-01	-9.189137121787149809e-03
8.575050922138240939e-01	-2.690308495905902042e-03
8.583678116475471631e-01	-2.295159225138787562e-03
8.587044976389504036e-01	-8.088422396618555332e-03
8.587890779755900095e-01	-1.290698346467944457e-02
8.593772085207370681e-01	5.852105652188743790e-04
8.609361311189842603e-01	-9.433675841738042855e-03
8.609418548620259015e-01	-2.145167163104344521e-02
8.615316845527770662e-01	-6.887154416125418344e-03
8.638537612916541431e-01	1.320158373638857796e-03
8.642449649206815909e-01	-8.136384414080599647e-03
8.650899100155771126e-01	-9.275280034808375262e-03
8.671954993669265255e-01	-1.805238557762789409e-02
8.678449325338505327e-01	-1.403867590571428181e-02
8.679785039355522036e-01	-1.189986329121339725e-02
8.689313824706625944e-01	1.257135983033630389e-02
8.709773973414980386e-01	-4.342798324056040826e-03
8.725365809006742079e-01	-1.138417192726204341e-02
8.733043685475758711e-01	-1.949259165583105968e-02
8.740222604648618665e-01	-1.487232593048093410e-02
8.744025617261907968e-01	-5.553372224313291028e-03
8.744731951509607804e-01	-1.622994396474741752e-02
8.746047600530753030e-01	-2.345055339797563754e-03
8.748659645455618694e-01	-1.053544948088780409e-02
8.784474677232245732e-01	-9.176087277282585219e-03
8.811679274162411701e-01	-1.117490566153267473e-02
8.838467319458651605e-01	-2.294178771161758945e-02
8.843268246664256482e-01	-1.539825897145974398e-02
8.844990182856122818e-01	4.936266265559208222e-03
8.849414688419543484e-01	-4.610568471712372940e-04
8.860063170129808263e-01	-7.369445162347942890e-03
8.876306770139459346e-01	1.487940487080696705e-02
8.881964751027063842e-01	2.546117314421447730e-03
8.887766550382180109e-01	-2.779744210664503168e-02
8.891690242927280385e-01	-8.714669393265150887e-03
8.896738155154311212e-01	-4.099662883514043621e-03
8.900738048290666171e-01	-1.579347629372873651e-02
8.901924434665003938e-01	-1.624634397933155672e-02
8.909992534709781919e-01	-8.525750135454868150e-03
8.911953337138617259e-01	-6.757168356853249236e-03
8.915747361097686730e-01	-2.908439934117312831e-02
8.941998522776094527e-01	-7.970837125039431648e-03
8.946892584037676732e-01	-3.150123538274152146e-03
8.962562939873394141e-01	-1.102726343205251425e-02
8.980508701035628816e-01	-4.313085973550179197e-03
8.980609547936839743e-01	-8.660709179640124766e-03
9.014968997643083570e-01	-1.223999034609912773e-02
9.059316291970119783e-01	-2.567223331299905986e-02
9.059320641318935330e-01	-7.814857532695174136e-03
9.062060905046893655e-01	-1.374849400337574412e-02
9.069855807994717800e-01	-6.733565966684840198e-03
9.077682490184555419e-01	-2.367961014319230895e-02
9.088112460610310306e-01	-2.717052745417314341e-02
9.093095712518277640e-01	4.128929185197804941e-03
9.096419658857327617e-01	-6.527707393517601098e-03
9.111548027839269093e-01	-1.554787813554858733e-02
9.137951822665454360e-01	-1.048587185806137967e-02
9.138096395020094409e-01	-2.017186609404308939e-05
9.139036724234088638e-01	-1.112362958178492178e-02
9.139925325192831407e-01	-1.246294749984999672e-02
9.144853601331766058e-01	2.931886964723018352e-03
9.159104271722662283e-01	-2.009954487279275170e-02
9.167405554855289074e-01	-1.284634154604347156e-02
9.176777125744528529e-01	-1.045543142502902700e-02
9.204938811379459462e-01	-1.809118387895203295e-02
9.205898277728242762e-01	1.400212869089534351e-03
9.211989337775273734e-01	-2.782484192892453745e-02
9.216126728325528816e-01	-1.870849457076739775e-02
9.239318848003432727e-01	-2.509100061435065587e-02
9.247376741576323056e-01	-1.157090785361181151e-02
9.251070556538675271e-01	-1.201179603536195462e-02
9.251865269554313542e-01	-9.355302280117494540e-03
9.252630986911178912e-01	-8.105871703740441525e-03
9.267307835494713597e-01	-2.258383038755384931e-02
9.270845595821551877e-01	-1.639583426921198406e-02
9.277359296590851345e-01	4.752740411320122149e-03
9.282304042263969102e-01	-8.289664606291213822e-03
9.288437551955442961e-01	-1.023730835637881587e-02
9.290875796901626460e-01	-9.548533455619900856e-03
9.293525884130802162e-01	-1.587034344952087395e-02
9.299212338755321605e-01	-1.868011475005326716e-02
9.305589122023897319e-01	-2.315288235256729443e-02
9.313102245159768922e-01	-2.301989624525424549e-02
9.313915283431751790e-01	-4.601362373586326271e-04
9.315477453543781206e-01	-9.834661653542520199e-03
9.320469578123332655e-01	1.062630810789189084e-02
9.322650225636981425e-01	-2.060897614129875155e-02
9.322907881060833457e-01	1.314071542482642130e-03
9.330598689593664341e-01	-3.190824940973036039e-02
9.342788058602419232e-01	-1.289661914283457556e-02
9.356196753053878101e-01	-3.362832179833130652e-03
9.358474420041779096e-01	-1.879905144033078290e-02
9.360958188172235905e-01	-7.153202307979888985e-03
9.363588036431588213e-01	-1.599110225718347600e-03
9.364183201323553751e-01	-6.422931873184656304e-03
9.364930477441439916e-01	-9.163037260900286363e-03
9.377749168228194376e-01	-6.680412794072276839e-03
9.378621937557247712e-01	-5.948055053270451253e-03
9.380881337280122523e-01	-1.659448529492224544e-02
9.381167930371430153e-01	-7.437371355115462990e-03
9.382179994845226689e-01	-7.431337722607622709e-03
9.395780466583807389e-01	-7.953385442400096039e-03
9.424423538145679791e-01	-1.784706368569954904e-02
9.425581566765737218e-01	4.341491251970719389e-02
9.427228230227430172e-01	3.576121415614474941e-03
9.429354365902585799e-01	-1.277696698671793030e-02
9.445907871513197218e-01	-3.841765842399513797e-02
9.446142736349255609e-01	-9.911173481930712903e-03
9.452046310466662993e-01	-4.282455647043881264e-03
9.457505613100358755e-01	2.749558368473792314e-03
9.477461005380799497e-01	-3.132475918351818045e-02
9.488334783359727576e-01	-1.645281579904078750e-02
9.489528070700853357e-01	-3.870413700571284643e-03
9.501850993713915061e-01	-8.260983463775350977e-03
9.509718733756574727e-01	-2.946464781960911328e-02
9.540524069584433997e-01	-2.244473440599470404e-02
9.545232732603824433e-01	-5.185562665676601846e-03
9.548461225234194938e-01	-1.418586856602543911e-02
9.549073845512742187e-01	-2.106134115734381584e-02
9.562933074510208131e-01	-1.119749179448403797e-02
9.566112042555394712e-01	1.327259723419516035e-03
9.574959197960074553e-01	-3.172892968349438902e-03
9.582793766969098792e-01	-9.956402962057686601e-03
9.587016926678002537e-01	-3.864358385089694536e-03
9.597541422951356704e-01	-1.515346926863769816e-02
9.607136434387096857e-01	-7.534178715761674638e-03
9.626473929179095723e-01	2.206830179530294700e-02
9.626913967296627517e-01	-1.152311191409705060e-02
9.654269051695824055e-01	-2.295636604555029159e-02
9.662289946808120256e-01	-1.976636749434390605e-02
9.662516054955229139e-01	-3.146847918076944861e-02
9.672944459615410162e-01	-1.036683896843126895e-02
9.684311685715328855e-01	2.081303723431071617e-03
9.685239082865509941e-01	-1.031032523367447773e-02
9.711361039888426472e-01	-2.412965807322120515e-02
9.717525516943470443e-01	-2.597684926306675912e-02
9.718073128955048157e-01	4.950427747090202502e-03
9.721824239339135199e-01	-8.300168638861515902e-03
9.723826563551332125e-01	-1.868698382653166679e-02
9.724210176116893090e-01	-3.838944008061506707e-03
9.727066422479940799e-01	-1.082657674793729985e-02
9.730619260549341343e-01	-1.952185103383430320e-02
9.741251446699376038e-01	-1.048149724266855820e-02
9.742540245740498595e-01	-1.365492733103146339e-02
9.750799485167905845e-01	-3.218430268256300408e-03
9.753211054108018585e-01	-1.249159807424404800e-02
9.771272913887977252e-01	-1.746742173029447454e-02
9.785122574318049216e-01	-2.806774617448715148e-03
9.792721466612570591e-01	-3.270300325575270506e-02
9.799195095381446619e-01	-1.016428609207509215e-02
9.812090392698679109e-01	-1.116015153804916782e-02
9.816244020817845861e-01	-9.060723918343782657e-04
9.821292223001463206e-01	-1.344705037903570766e-02
9.828337182230794111e-01	3.993079831836610083e-03
9.835126515732386387e-01	2.157819281486839103e-03
9.842114063557346748e-01	-1.360814066612414663e-02
9.852776695149092490e-01	8.626558145513829601e-03
9.901873362400436251e-01	-5.641571331045147630e-03
9.903641053741846223e-01	-1.420147578214625561e-03
9.906384101053046232e-01	-4.039774353864489242e-04
9.908987273306327781e-01	2.915085546263362914e-02
9.916700756444318809e-01	-5.301737390697502939e-03
9.919451574592069720e-01	5.185413653707726667e-05
9.927155431171347244e-01	-1.349202747163147365e-02
9.938041213353007164e-01	-5.087701502768382511e-03
9.940009206705217037e-01	-4.634005782985006761e-03
9.942467110708048672e-01	-1.224502687831918735e-03
9.954748105998525443e-01	-1.860415318573505061e-03
9.966113708341552968e-01	-1.397456168314081815e-02
9.977000418384293079e-01	-3.328684347581711833e-03
9.992483172307752293e-01	-4.917126696802887054e-04
