5.385479686460100876e-04	-1.621444597187847725e-01
9.923590240951310048e-04	-4.982367485144485464e-01
1.311009715741905113e-03	-1.997394826188466643e-01
1.979840978384719667e-03	-1.452364644069737976e-01
2.432985133682072278e-03	-1.200582864541775985e-01
2.752540489882549825e-03	-7.006353695642972834e-01
3.421423944711155050e-03	3.827060419308125905e-01
3.874475313900435213e-03	4.324814854083314231e-03
4.193502949111252258e-03	-9.600315450162966169e-02
4.862531382233720167e-03	3.119336434589652374e-01
5.316156865466697273e-03	-1.224828224872587246e-02
5.635955785200864182e-03	-4.196598206212309723e-01
6.304265125985772898e-03	1.101896959701246459e+00
6.757542661313478867e-03	-3.773415385499047092e-01
7.077057423591675070e-03	-6.628420320269262644e-01
7.745691515754836269e-03	1.191847448820704258e+00
8.199299601592550252e-03	-4.452980242174279235e-01
8.518077874137922403e-03	-1.600911409157538268e-01
9.187077311601617863e-03	4.289400259866418263e-01
9.640383842588097149e-03	-1.279783534606835360e-01
9.959730430045412447e-03	-8.963683562852196030e-01
1.062818474912418341e-02	8.783348246284239380e-03
1.108165365579978807e-02	-4.152898928422827929e-01
1.140004338651760991e-02	-2.809039470857301879e-01
1.206972132239658192e-02	2.066320452146956921e-01
1.252315543428166034e-02	-3.195594235567171815e-01
1.284209028338440493e-02	-8.426877250719180257e-01
1.351097953734476526e-02	1.803203440262471702e+00
1.396463401623651394e-02	-6.330689380951013412e-01
1.428353407054873229e-02	-3.536066616233517479e-01
1.495249291409014684e-02	5.443357732320686093e-01
1.540556747980644479e-02	-5.146109280253541307e-01
1.572416018013567465e-02	-1.934959165059975117e-01
1.639366994119376489e-02	3.823484037199651464e-01
1.684700546783901576e-02	-5.762786546975720015e-01
1.716526181852648381e-02	-7.234479556584124671e-01
1.783524130925669138e-02	1.325407549583030864e-01
1.828930752650301250e-02	-4.216987259382434239e-01
1.860782483811943347e-02	-5.336023037335451136e-01
1.927655751552241961e-02	4.595674778666025695e-01
1.973000322567100562e-02	-6.026925450233979742e-01
2.004915264264866756e-02	-1.991389398428280444e-01
2.071789691831516650e-02	1.519193909936774833e+00
2.117076851442005470e-02	-6.406698411363069834e-01
2.149013249927263572e-02	-1.779995814602858273e-01
2.215914353499983877e-02	4.076000272847835060e-01
2.261234568161473585e-02	-1.000341643742800324e-01
2.293200542218679430e-02	-7.018977842122215982e-01
2.360038435255275985e-02	1.898979734097211658e+00
2.405409682276205344e-02	-1.812584649066266707e-01
2.437303167186479630e-02	-5.669268002263635475e-01
2.504189193016638504e-02	1.649930345621422045e-01
2.549542462729129100e-02	-4.442029438255102880e-01
2.581475961648509523e-02	-6.443292874181916208e-01
2.648312694858755145e-02	2.644306983910438280e-01
2.693755271200264784e-02	-4.231327816607058923e-01
2.725591924619345102e-02	2.176140879242869364e-01
2.792480850015381308e-02	9.789973563922094169e-01
2.837832959901520624e-02	-6.871364795292024263e-01
2.869732243943549574e-02	-6.679339548644784852e-01
2.936628708210866495e-02	-1.195121818643959388e-01
2.981976758704777894e-02	-4.383476804714523389e-01
3.013893440142070487e-02	-6.325625423721792373e-01
3.080792224062089274e-02	2.996109742769197393e-01
3.126092141762438353e-02	-4.354633753888492720e-01
3.158165399757102698e-02	-5.899197558805737707e-01
3.224916305817381035e-02	2.480609136502742729e-02
3.270249278568730655e-02	-4.328788248760317980e-01
3.302131165215495961e-02	-8.129251541333715192e-01
3.369042707225374661e-02	2.333099722286200439e-01
3.414380319282128012e-02	-5.147685575836034033e-01
3.446146223293803518e-02	-2.930550326174847786e-01
3.513158090283034773e-02	-7.790262985059714929e-02
3.558531077043490531e-02	8.936290924931955537e-01
3.590367730462570850e-02	2.236773993255347648e-01
3.657300149346765644e-02	2.308893105169842475e-01
3.702663277583238821e-02	-5.004558024391148052e-03
3.734557342406688574e-02	-4.142234097254136049e-01
3.801454386587180961e-02	7.300620967922681892e-01
3.846802437081092707e-02	-4.730988823831062673e-01
3.878722597997438098e-02	-3.045664120367085337e-01
3.945606304174894413e-02	1.547720438312870872e+00
3.990935797447191929e-02	-6.280986972371189747e-01
4.022871616019273872e-02	-7.958220025178410761e-01
4.089695591139659581e-02	4.174441511141313566e-01
4.135069737726466271e-02	-5.494996035845303162e-01
4.167006716124899840e-02	-3.225336550102558819e-01
4.233867805688514008e-02	-1.777724111388162553e-01
4.279233833490864169e-02	-3.402882559968462006e-01
4.311066427517716571e-02	-4.696406219508851843e-01
4.377969270829963622e-02	5.823395993471311982e-01
4.423335878545488903e-02	-4.372933712949653717e-01
4.455222404497657940e-02	-4.847796059069847674e-01
4.522133946507536639e-02	3.600147358465419778e-01
4.567418206552148474e-02	-7.841045992561368472e-01
4.599446231319127831e-02	-1.940640145824129581e-01
4.666270786352688660e-02	7.616164908686806623e-01
4.711622316325652510e-02	-2.929943351883155245e-01
4.743523920020383672e-02	-5.017317604648043883e-01
4.810412845416419531e-02	9.370884517783548695e-01
4.855757996344453598e-02	8.193460357788961979e-02
4.887620165943253742e-02	-1.731034447779367103e-02
4.954558383959203199e-02	1.102586540587626729e-01
4.999954567246676918e-02	-6.571717034606067154e-01
5.031781362141774655e-02	-6.790517484941793747e-01
5.098701602849285003e-02	2.182659679771996597e-01
5.144056612301301651e-02	-5.574031324078756455e-01
5.175901964418013618e-02	-3.757939550909544790e-01
5.242817565820120235e-02	2.105042770441551969e-01
5.288177794490716427e-02	-1.978580345873420798e-01
5.320007488951691149e-02	-8.266154104718783646e-01
5.386982821410869759e-02	-1.773274880723988423e-01
5.432318693728096365e-02	-5.818680437876246891e-01
5.464263790910985769e-02	-1.938911101744389409e-01
5.531104583513459655e-02	1.998665501200880268e-01
5.576464232270880034e-02	-6.120262247204039108e-01
5.675243743011312847e-02	8.233655876990184641e-01
5.720613250292716501e-02	3.356810962956298106e-01
5.819366085027078556e-02	1.216835724788388973e+00
5.864707176562884705e-02	-2.405244798687468100e-01
5.963518582527967821e-02	4.421564461503237897e-01
6.008885770156668915e-02	-1.741431987230219747e-01
6.107651942894067043e-02	2.951271742160010980e-01
6.153034788178505382e-02	-3.992942539681638703e-01
6.251791102391920929e-02	4.574891795160895835e-01
6.297147851583463629e-02	-2.896261159755242343e-01
6.395940120413756702e-02	1.665979274196836002e-01
6.441300928997528707e-02	-4.442600809513601590e-01
6.540072900866680805e-02	4.184176069507219431e-01
6.585397174920398777e-02	-1.651956396634178814e-01
6.684215539843586795e-02	4.252827905382701168e-01
6.729550252334462468e-02	-4.819145379471553303e-01
6.828339621598879250e-02	-4.979627469042469112e-02
6.873707969053931277e-02	-1.090212313158789303e-01
6.972495598578820619e-02	1.843041197659809338e-01
7.017858146902118677e-02	-5.969639021341632823e-01
7.116649255906060123e-02	7.177108303351742435e-01
7.161960191956742716e-02	-6.532531015516258588e-01
7.260769278269124660e-02	1.703943332205557937e+00
7.306115589023509660e-02	-3.529795888451797703e-01
7.404893939937591540e-02	-7.336364508822978969e-02
7.450268086524397537e-02	-6.084214176096209847e-01
7.549044117785778940e-02	1.445540651837148971e+00
7.594389268713812313e-02	-2.055270427855908633e-01
7.693185596936334691e-02	7.971724361789886970e-01
7.738526688472140147e-02	-3.031156458583441626e-01
7.837307938952099706e-02	4.674815727514116670e-01
7.882683825278433143e-02	-3.641317221746376287e-01
7.981430860881040534e-02	3.532844992396444450e-01
8.026762093892864103e-02	-4.670355135576110817e-01
8.125586257947807478e-02	1.755829845126344324e-01
8.170969683145420936e-02	-2.936940583836089580e-03
8.269714979008502276e-02	9.379932282154317402e-01
8.315089125595309660e-02	-2.494930562027840582e-01
8.413873275641145510e-02	7.431471302786190058e-01
8.459221326135057950e-02	-3.223123419619889907e-01
8.558030992360614320e-02	3.631413712518449799e-01
8.603337869019068995e-02	-5.550767613099538700e-01
8.702168412118940766e-02	2.910340799876953710e-03
8.747495585738536417e-02	-4.882761108877647915e-01
8.846275096478969924e-02	2.813958882529519201e-01
8.891634165323214489e-02	-5.175373825053177779e-01
8.990409616671420079e-02	-1.587323109569731550e-01
9.035832475964963861e-02	-3.986919884647327494e-01
9.134561534259133531e-02	1.586076849305037229e+00
9.179880589094271959e-02	-5.132124753360844949e-01
9.278702433496513469e-02	1.154432336086760991e+00
9.324024387897529575e-02	1.028360847065696415e+00
9.422823615685928245e-02	5.694042134486849704e-01
9.468207040883541703e-02	-6.541013725295706793e-01
9.566938998743587663e-02	1.586496505702736926e+00
9.612318364548974592e-02	-2.319908922063810275e-01
9.711128610687705387e-02	1.773823158708069947e-01
9.756463323178582447e-02	-4.097120154985378626e-02
9.855249212963945737e-02	-6.327776517865280059e-02
9.900599583110558655e-02	-5.319041251866136744e-01
9.999359376803027000e-02	1.374099375735251538e+00
1.004474918104557024e-01	-7.046675566340130370e-01
1.014357508484003967e-01	6.971859113964451460e-01
1.018884078766303658e-01	-1.709476542212162720e-01
1.028766959102338369e-01	2.432841045533691293e-01
1.033297820742136441e-01	-3.434062777650865872e-01
1.043180643086853571e-01	1.436150210087132617e-01
1.047718231719486776e-01	-8.454993454137726960e-01
1.057595428906402124e-01	4.803945631934947169e-01
1.062130639895016021e-01	-3.360216918626516280e-01
1.072006851229533042e-01	-2.046488806718038678e-02
1.076538466756459117e-01	-6.938630409842863056e-01
1.086420999144588478e-01	-1.595318287491425124e-01
1.087556005211581106e-01	4.290198456900904400e-01
1.090956152141884933e-01	-4.765873479692943615e-01
1.100836538851265173e-01	3.508702690436820149e-01
1.101969921161366495e-01	-2.238443439693704740e-01
1.105370590013528276e-01	-7.608440035423235104e-01
1.115250512792368004e-01	3.972773297802265624e-01
1.116380937545274621e-01	9.160730149210227768e-01
1.119785143867806643e-01	-3.525520653256293269e-01
1.129665008655328928e-01	1.442975855265329344e+00
1.130795839347458198e-01	-4.494719899379640005e-02
1.134194536494823463e-01	-6.259240984242477879e-01
1.144077822770080827e-01	6.599772962550207733e-01
1.145210103245148797e-01	5.713779996695025343e-01
1.148613207732647468e-01	-6.257317846207589573e-01
1.158490752867468027e-01	3.379856461796593159e-01
1.159623555264393813e-01	5.101279500736932704e-02
1.163025093986318759e-01	-7.098251440981073745e-01
1.172906698513367374e-01	1.774998947064030386e+00
1.174039384927658136e-01	-1.101196423141265202e-01
1.177438546005563774e-01	-8.462832994197477809e-02
1.187318990706261596e-01	-3.581082900977561323e-02
1.188452720964268128e-01	-1.422585003773746415e-01
1.191853447807747352e-01	-6.894926538113614889e-01
1.201731456873108284e-01	2.550088724747618940e-01
1.202864549226621838e-01	-2.977163579230335255e-02
1.206269161488376651e-01	-4.832745163908777064e-01
1.216145778762116464e-01	1.100396379803789682e-01
1.217278291202454621e-01	5.625027377369788972e-01
1.220676756384549561e-01	-8.985110272167153855e-01
1.230559868685854458e-01	1.865396457050136902e-01
1.231694642787576760e-01	-1.542943928694758826e-01
1.235091194256192904e-01	-4.826666807354792477e-01
1.244974480531450406e-01	-3.041286670011769111e-01
1.246106297075977865e-01	3.050255065345974792e-01
1.249511953181448587e-01	-7.972626907408418839e-01
1.259386134819851510e-01	5.532353830453564658e-01
1.260522010756607303e-01	1.178771289195761351e-01
1.263923781443802297e-01	-7.292298021125717122e-01
1.273801674526528205e-01	-1.326453368698041757e-01
1.274935636749804924e-01	-9.357031884961164447e-02
1.278338625254668293e-01	-5.426033534793092139e-01
1.288214488641279964e-01	5.056090906946957286e-01
1.289348682829827009e-01	-4.591261543579527871e-02
1.292750337534387117e-01	-4.485101643266412585e-01
1.302628868521605865e-01	2.276162432816133396e-01
1.303763236684105375e-01	1.208348191372185632e+00
1.307156076708398673e-01	-4.553309015469451104e-01
1.317041160714499948e-01	-3.201023123886620469e-01
1.318175586868317040e-01	3.888777703105579242e-01
1.321578691355815571e-01	-4.418081804493098064e-01
1.331456584438541479e-01	3.918306399441811028e-01
1.332590024739960244e-01	-4.025754180223737322e-01
1.335988547913372904e-01	-8.799503190056027213e-01
1.345869050605388306e-01	6.180428952754601912e-01
1.347005854403224567e-01	-1.462307652452566886e-01
1.350405363429035555e-01	-5.266554341545182094e-01
1.360285054242605096e-01	8.642283373794723556e-01
1.361417218735037904e-01	-2.345470751411382615e-01
1.364813422255748698e-01	-9.377294622940035573e-01
1.374698564253167832e-01	-2.343680263387262208e-01
1.375833396346207715e-01	4.375553857768572641e-01
1.379233427293876380e-01	-5.341330473372315479e-01
1.389118453308660350e-01	-1.642908058020938755e-01
1.390245920504371846e-01	-1.510482576059880566e-01
1.393645545512817996e-01	-4.885872354584731569e-01
1.403527845935677032e-01	-5.075175673767784446e-02
1.404663837855067987e-01	2.114863465178089541e-01
1.408070073873713968e-01	-5.879878893601283574e-01
1.417939326250125531e-01	8.038283658101577078e-01
1.419073404456037413e-01	-1.877855919515831751e-01
1.422475175143232407e-01	-4.443131409556669853e-01
1.432352952243323152e-01	2.311221084146681815e-01
1.433487494379775407e-01	4.811986175011835343e-01
1.436887583318761652e-01	-4.623107039316753930e-01
1.446768201993412217e-01	5.908615873115856676e-01
1.447902744129864194e-01	6.887564069971552350e-02
1.451309038139828034e-01	-3.915929733430532078e-01
1.461180088247083508e-01	-4.769200066326597653e-01
1.462320197550019962e-01	2.447300470949782536e-01
1.465710427965023488e-01	-5.890188555801751935e-01
1.475597831623826628e-01	6.577295963756060182e-01
1.476729068255178967e-01	5.017329540164345847e-01
1.480129737107340471e-01	-4.998847669815511541e-01
1.490007456216113635e-01	8.537833567559816039e-02
1.491142230317836215e-01	-1.283084280329300775e-01
1.494551191928406852e-01	-4.296651343121472566e-01
1.504422358018297490e-01	4.150607003146067342e-01
1.505556610198161838e-01	5.738194489585832780e-01
1.508952697736237469e-01	-7.038779732365894048e-01
1.518835636063589623e-01	-9.287077667161791616e-02
1.519967510599434801e-01	-3.159990897100672935e-02
1.523373108713587942e-01	-3.556538360319445591e-01
1.533250421883138315e-01	-2.004898452555109456e-01
1.534382238427665912e-01	-2.350251588950136306e-02
1.537786386758880353e-01	-5.831327266933090669e-01
1.547665381676639473e-01	1.108397874392663685e-01
1.548798879969375819e-01	-3.402157291727773147e-01
1.552191893967621583e-01	-2.553832334990698838e-01
1.562078601730614302e-01	1.108493397812456038e+00
1.563209606396696316e-01	2.585853694317319373e-01
1.566609985292270191e-01	-4.937344578459686995e-01
1.576493387550162717e-01	-1.693734259116184138e-01
1.577626711868946596e-01	7.776904564158240163e-01
1.581028540547459171e-01	-8.325622367879138563e-01
1.590906143673597173e-01	6.338328404965192231e-01
1.592037728252854722e-01	-8.287597161791826483e-02
1.595440194835860415e-01	-9.122597396235210265e-02
1.605320523553923073e-01	3.460593804713654187e-01
1.606453325950848721e-01	-2.688851670192603516e-01
1.609853124933247337e-01	-6.719075979142907773e-01
1.619742152348941922e-01	1.421193490691283756e-01
1.620870315440464116e-01	4.576518049838351754e-01
1.624271100275261059e-01	-3.689957281755081864e-01
1.634148993357986690e-01	1.072533415499655529e+00
1.635280693919879125e-01	3.421961068244512294e-01
1.638680492902277741e-01	-6.611980332571196772e-01
1.648559719785307187e-01	-6.915209338274297401e-02
1.649694783843617119e-01	6.328592698114341442e-01
1.653096206582907179e-01	-9.306940804161255576e-01
1.662971258091073268e-01	1.798195157656032883e-01
1.664111425385327303e-01	-4.072513021897927743e-01
1.667508034845260889e-01	-4.310820776089783202e-01
1.677388421554641129e-01	8.484774406464312690e-01
1.678521455916837102e-01	-2.019964852262892130e-01
1.681920269046837391e-01	-6.424414940073841507e-01
1.691802975408919496e-01	1.286949352297673599e+00
1.692935603831892677e-01	-1.691863951388614673e-01
1.696327052064564578e-01	-8.919568533513816400e-01
1.706214745679955624e-01	3.913018774770189445e-01
1.707351897425697373e-01	-1.897001163494087539e-01
1.710751116494920454e-01	-7.577656619288191120e-01
1.720632083117476230e-01	9.239989392007315061e-01
1.721762565861700012e-01	-1.977258134431947312e-02
1.725166946158184778e-01	-3.621406512554471435e-01
1.735042635570843983e-01	-5.949863259130379056e-01
1.736178163559694287e-01	4.280383504589078125e-01
1.739580920099287609e-01	-7.807841570169204992e-01
1.749456725494581977e-01	3.630163012416933732e-01
1.750591615578939442e-01	5.953978731343401165e-01
1.753990718665527360e-01	-8.428966201267527047e-01
1.763872729131798767e-01	-4.867628091982378891e-04
1.765003907771833525e-01	2.902123477564602094e-01
1.768414319165342863e-01	-6.180342939959558857e-01
1.778286645081584294e-01	3.122772701535239115e-01
1.779419099530604731e-01	5.053375888544762162e-01
1.782813273355201567e-01	-4.571831780609302287e-01
1.792696385656506186e-01	5.724489618776442690e-01
1.793834059324105890e-01	-5.061411081741429285e-02
1.797229740922958729e-01	-7.473975131326939803e-01
1.807113201172168837e-01	3.151020837161466748e-01
1.808247743308621092e-01	-2.091735973240047564e-01
1.811650847796119901e-01	-5.159211770711005229e-01
1.821530248653101813e-01	3.747750643173608509e-01
1.822663804937155740e-01	2.909648656176844206e-02
1.826060530379724489e-01	-7.968237685082449895e-01
1.835947470107987256e-01	9.381409233789350655e-01
1.837074995295016333e-01	8.090633898714467698e-01
1.840477519869339607e-01	-3.750930921552778630e-01
1.850351469542472205e-01	5.567306821169477615e-01
1.851488215348991162e-01	1.713606944729426651e-01
1.854897350933514544e-01	-3.732607418550313305e-01
1.864771648554552630e-01	3.718784704458812929e-01
1.865899057758946822e-01	6.462923247624807743e-02
1.869299668619791022e-01	-6.407397838692568959e-01
1.879180925198934426e-01	1.361476837134926399e+00
1.880315757291974310e-01	-8.278581554999431269e-02
1.883714918369879809e-01	-8.137075164317241205e-01
1.893595305079260049e-01	3.220901551924570949e-01
1.894728107476185974e-01	3.719685116653110857e-01
1.898132487772670463e-01	-6.568514771467353075e-01
1.908009221029045299e-01	2.624417521689956789e-01
1.909143763165497554e-01	1.263210199079947138e-01
1.912536313233202945e-01	-7.172119408340551505e-01
1.922424992700992319e-01	4.188382969848694071e-01
1.923557911080553129e-01	5.748894923787717381e-01
1.926955912332107834e-01	-6.800646260763942852e-01
1.936838560702872358e-01	3.757682740949488398e-01
1.937974088691722663e-01	-3.810517191540893078e-01
1.941377831083714312e-01	-5.943929037436579410e-01
1.951248881190969786e-01	1.690838230760083327e-01
1.952386264901981860e-01	5.807279216838878710e-03
1.955786701788873316e-01	-3.717380805193161164e-01
1.965664652862916806e-01	-2.843135386533124365e-02
1.966798673077510828e-01	3.766099987087259127e-01
1.970208446566527327e-01	-6.395466515754409942e-01
1.980080018595640756e-01	2.636893513611719975e-01
1.981211429200945284e-01	1.060253385636305001e-01
1.984606066956082493e-01	-7.400452857934916029e-01
1.994489991135832974e-01	1.227608314371968490e-01
1.995626388994446720e-01	2.254368782562299334e-01
1.999027521777148597e-01	-8.966278564577983001e-01
2.008905240885921761e-01	4.600014903260736254e-01
2.010040188961596808e-01	4.887876911474897668e-01
2.013443699388318409e-01	-7.025953452536910504e-01
2.023321418497091573e-01	3.663123687032543430e-02
2.024455380720368292e-01	-2.978745435714191814e-03
2.027857093416245704e-01	-6.648706009794633776e-01
2.037736030342687521e-01	8.897670821797174501e-01
2.038867962869850003e-01	1.240757318469574155e-01
2.042270429452855696e-01	5.562235416940475297e-02
2.052150468214330725e-01	1.850878198677672337e+00
2.053281878819635531e-01	6.170978070169295115e-01
2.056681387845446241e-01	-5.374230547254925661e-01
2.066562238485366854e-01	6.078100092933447218e-01
2.067695562804150733e-01	5.697952725713362199e-01
2.071106728084788073e-01	-5.658136311966139864e-01
2.080978010157313596e-01	-8.787897119362564347e-03
2.082106521196741278e-01	1.368736440978814972e-01
2.085492866193469352e-01	-5.653551847200081193e-01
2.095389026541221722e-01	-4.790862484023505896e-02
2.096523742651626721e-01	6.239961818192927279e-01
2.099923715607977803e-01	2.843440490983137892e-01
2.109801318734115805e-01	5.057820525269169920e-01
2.110938760436445183e-01	1.817226900794691957e+00
2.114332934261042019e-01	-4.833650170042842475e-01
2.124216046562346916e-01	4.465912059042316251e-01
2.125348964941907726e-01	2.836403723745299921e-01
2.128747314141367641e-01	-8.977156726824596644e-01
2.138636109591791901e-01	3.267634552687572747e-01
2.139763344822233626e-01	8.419080224587305317e-02
2.143175379972634131e-01	-7.948934380864091098e-01
2.153045328244856116e-01	7.705517037151614623e-01
2.154180102346578696e-01	3.154149310142675411e-01
2.157576131893336746e-01	-3.088136241996353171e-01
2.167458432316196060e-01	6.428647557750919450e-01
2.168592162574202453e-01	-5.318396072297792987e-02
2.171990685747615113e-01	-6.832417661070091519e-01
2.181871594378853307e-01	2.676229122865185772e-01
2.183005962541352818e-01	4.011773549452752885e-01
2.186406631393514599e-01	-8.908860993061354927e-01
2.196283248667254273e-01	-2.649730253380764289e-01
2.197417790803706528e-01	6.131656242735128437e-01
2.200811848645668201e-01	-8.627118327957536970e-01
2.210697802521532640e-01	4.626095847801960925e-01
2.211832808588525268e-01	-3.734966406620580104e-01
2.215237652815550129e-01	-7.280169445898819758e-01
2.225117285637802367e-01	7.510261120515693278e-02
2.226246724538310517e-01	-1.392605527097896534e-01
2.229644087885372383e-01	-8.914240998990472509e-01
2.239526620273501745e-01	4.342521133875194561e-01
2.240662322236304793e-01	-5.687467450740057995e-02
2.244053828460294553e-01	-6.891166685535701220e-01
2.253941406093050159e-01	1.104984546618552610e+00
2.255075774255549670e-01	8.502093559385255350e-01
2.258470180045416553e-01	-8.261588302833027253e-01
2.268356075929963689e-01	1.539706800310740586e-01
2.269490038153240408e-01	8.577008388921436577e-02
2.272889663161686280e-01	-7.022729655305537388e-01
2.282769411966573680e-01	-4.379730446834675384e-01
2.283905055938059148e-01	9.280960749091349271e-02
2.287305318850998137e-01	-8.326895894118874208e-01
2.297182516037913347e-01	1.094196858088456459e-01
2.298316072321967274e-01	6.139470534278506086e-01
2.301714943443285144e-01	-7.233159373143631665e-01
2.311596547970333759e-01	4.073860645401434777e-01
2.312734047663980719e-01	-2.234917590922663733e-01
2.316148692423670996e-01	-6.606173592705926190e-01
2.326007448371606723e-01	5.040976845114093496e-01
2.327145585969746799e-01	5.109479683220730095e-02
2.330553213780013899e-01	-8.375283000319169169e-01
2.340421654277979879e-01	9.855225884370122369e-01
2.341554456674905804e-01	6.675565234581859464e-02
2.344963534268111605e-01	-5.664620945068252755e-01
2.354835106297225034e-01	-2.355594071930060540e-01
2.355972432016919249e-01	7.558003334268879048e-01
2.359374666634654616e-01	-4.246352296614470667e-01
2.369248500325152329e-01	5.291449926050979524e-01
2.370385884036164126e-01	8.437921963267374093e-01
2.373783537339813621e-01	-6.700216133672665109e-01
2.383667809467469312e-01	2.887908679441093529e-01
2.384798292211693371e-01	-1.002439351488828567e-01
2.398077724016344225e-01	9.672490445295116590e-01
2.399213425979147274e-01	9.960456965638970761e-01
2.412493205731703338e-01	-1.165384098048338757e-01
2.413626472059169359e-01	3.491540036741525022e-02
2.426908339499156964e-01	4.066655050877165944e-01
2.428042359713751264e-01	-1.520078167747843656e-01
2.441319819813605463e-01	7.303531228764967853e-01
2.442454014002152507e-01	-1.278354819339351245e-01
2.455734431659201411e-01	-2.840780992402625049e-02
2.456868393882478130e-01	-1.616850083178549280e-01
2.470146491886825446e-01	4.399990171873271461e-01
2.471282541797533705e-01	-1.262214586211071188e-01
2.484563365393805401e-01	-4.542100645649760349e-02
2.485696747703906861e-01	7.066735454998869237e-01
2.498978093222036512e-01	7.211287520490516911e-02
2.500108401992308105e-01	3.051458677564884425e-01
2.513389921484390221e-01	-1.387441364557511214e-01
2.514523999690301825e-01	7.178247600413913965e-01
2.527803199529682354e-01	6.402122454810821317e-02
2.528937567692182142e-01	-2.824387249375804876e-01
2.542217115479468159e-01	3.611656326066263745e-01
2.543350555780886646e-01	2.511622518595024722e-01
2.556632655186144576e-01	2.523490961982626235e-01
2.557766385444151247e-01	-2.840982856783470512e-01
2.571044483448498563e-01	-2.122482637856958343e-01
2.572181461220287568e-01	1.265024805287842113e-01
2.585461009007573030e-01	9.100930835265428342e-01
2.586592593586830580e-01	7.276220256851175794e-01
2.599870865565130362e-01	-5.445240491684633088e-02
2.601008481241412484e-01	-1.069700372099900987e-01
2.614287217150252918e-01	5.750444229974081001e-01
2.615419323651367867e-01	6.709277556287147615e-01
2.628698755456018721e-01	1.395742574461720675e+00
2.629834109470916559e-01	1.312978645543878553e-01
2.643113599266884717e-01	8.856779320721264170e-02
2.644249475203640509e-01	-3.725545384643756952e-01
2.657530646747817693e-01	-5.646482922383874170e-01
2.658663855083966410e-01	1.150629472747780380e+00
2.671946012480541643e-01	-1.274482702358386010e-01
2.673076379242130818e-01	6.906760690498614519e-01
2.686357550786307447e-01	8.717377061708238006e-01
2.687490585148503697e-01	-4.610168295409056149e-03
2.700769437039978738e-01	-2.178351836331238189e-01
2.701903689219843363e-01	2.581257457580607984e-01
2.715182657093953567e-01	-9.939482970412139018e-03
2.716317837134898938e-01	2.198499584088018377e-01
2.729597500904819563e-01	3.966387721526376531e-01
2.730729781379887533e-01	7.807112015095016844e-01
2.744009329167173550e-01	1.300385707327692320e+00
2.745145205103929342e-01	8.061639247876131176e-01
2.758424810882532663e-01	-4.094495023682199752e-01
2.759560048914795338e-01	1.417916373231258298e+00
2.772837856962555025e-01	-2.656524116053432527e-01
2.773972515081641887e-01	6.322802037038255385e-01
2.787251714921022416e-01	-2.674170281909193925e-02
2.788385039239806296e-01	5.257327289947923976e-01
2.801665340914220037e-01	-4.341836186183052337e-01
2.802799883050672292e-01	-1.336533621031404939e-01
2.816083838178091714e-01	-2.887556792382045545e-01
2.817215016818126472e-01	1.006273444891132574e-01
2.830488359534434895e-01	5.052723549097872802e-01
2.831629164733182047e-01	-1.814165538588525806e-01
2.844908248589927413e-01	1.578871285308123262e-01
2.846042964700332134e-01	-5.333828657178685262e-03
2.847182784046680681e-01	-2.068845519866885363e-01
2.859322976418158246e-01	-1.441169787100449184e-01
2.860455604841131705e-01	5.476192916804090149e-01
2.861593104534778664e-01	-7.896480614893497396e-02
2.873736486428720704e-01	-8.545667470618101280e-02
2.874869172843011467e-01	1.865526235848549153e-01
2.876009630093853131e-01	2.572279750791282016e-01
2.888149938447965859e-01	5.263043604776385109e-02
2.889285234471545838e-01	6.358420000535416339e-01
2.890423372069685914e-01	-6.042100956011224877e-01
2.902562230640859942e-01	5.500561775570811385e-02
2.903700774178222810e-01	-3.922389961227633615e-01
2.904839781646125774e-01	4.901693185323632296e-01
2.916984207383784278e-01	1.669342038106154114e-01
2.918110630735780142e-01	-2.594492721624422904e-01
2.919248420386014731e-01	9.151239069651961877e-01
2.931393310054213330e-01	-1.672556196791106231e-01
2.932521183189147895e-01	6.281905636749012256e-01
2.933667149615156178e-01	-2.756906868140864830e-01
2.945809139717477376e-01	-4.837301777914999601e-01
2.946938520626667946e-01	4.695855971646190063e-01
2.948077992025111560e-01	-4.981402183550981411e-01
2.960222649728039834e-01	7.685985902232945755e-01
2.961349826967163978e-01	5.151082096475545491e-01
2.962488428495844150e-01	-2.194621848257931607e-01
2.974632796242184796e-01	5.439683728992166234e-01
2.975766062569651371e-01	2.488385222769469163e-01
2.976904954054919172e-01	7.276188404546379829e-02
2.989045436382984366e-01	1.157617345054460234e-01
2.990180732406564901e-01	-7.863140097035736797e-02
2.991323509310108153e-01	-1.654074471835587090e-02
3.003460280193850362e-01	4.643687191654086721e-01
3.004594358399762521e-01	2.206982599141049661e-02
3.005733539841617952e-01	6.814612306474332470e-02
3.017872166447521654e-01	-2.792508752848841258e-01
3.019007172514514559e-01	9.623847514074057585e-01
3.020150297365963299e-01	1.583439958406236414e-01
3.032285038553591550e-01	-5.781276006052261662e-01
3.033419174750820457e-01	-1.776051917313035133e-01
3.034560037940885469e-01	-1.410996216469451170e-01
3.046701564112666016e-01	-7.303655657683161273e-02
3.047833496639829054e-01	4.653930528849175019e-01
3.048975577647561885e-01	-3.377798500356637978e-01
3.061114900149276008e-01	8.696393093338308233e-01
3.062246948659073653e-01	2.823588928765732309e-01
3.063389493597347135e-01	1.187490786042832536e+00
3.075529569986189538e-01	-2.003217644842920642e-01
3.076663474218148675e-01	5.318343154719573640e-02
3.077802133738146706e-01	-2.427177415619247158e-01
3.089942848031481670e-01	-2.632048753460715096e-01
3.091076926237393829e-01	6.105809589122010994e-01
3.092218949253809357e-01	-1.096114377274219898e-01
3.104358967651333900e-01	8.832523013478843499e-01
3.105489798343463170e-01	2.413641822763175071e-01
3.106629501707177110e-01	9.958245288914824300e-02
3.118767664382540161e-01	-6.142784305879811502e-02
3.119904352197741537e-01	-2.139297874857393200e-02
3.121044751457265898e-01	-6.570996916395277498e-02
3.133183204089217133e-01	8.433541641699702218e-01
3.134317920199621854e-01	1.361159885818372661e-01
3.135459943216037382e-01	3.688548541398493086e-01
3.147599555674339133e-01	-4.033753952085198380e-01
3.148732010123359570e-01	5.240911994676105135e-01
3.149873221261329514e-01	-2.720075225029217059e-02
3.162009760179801399e-01	4.425611722437816642e-01
3.163146737951590959e-01	2.521035501177255611e-01
3.164291602542566029e-01	-3.948655811844473673e-01
3.176427271591275026e-01	1.474377531371851013e-01
3.177561929710361888e-01	3.696678666300836635e-01
3.178700125299819823e-01	-2.950547171737378793e-01
3.190838461949135341e-01	3.761664538242388556e-01
3.191977005486498209e-01	5.409039010566174532e-02
3.193114215223557539e-01	-1.459990009840202996e-01
3.205250580168076957e-01	4.677626375440047113e-02
3.206388833748852196e-01	-2.098173231338316125e-01
3.207527667242802694e-01	4.410982321250351834e-01
3.219661074630127406e-01	2.406726794929154867e-01
3.220800777993840791e-01	5.388150061172829464e-01
3.221941119262047848e-01	-4.873709324809583077e-01
3.234083109364369046e-01	-1.894011082948353630e-01
3.235212200316971987e-01	-3.081956818767498385e-01
3.236353179489671605e-01	2.065351436129736484e-02
3.248496387409661179e-01	-5.756313380570687865e-02
3.249631161511383759e-01	4.201395304238233486e-01
3.250767501378679647e-01	-4.250701034846244841e-01
3.262907751741474516e-01	2.029266039261301557e-02
3.264043221739007516e-01	4.097211641236224722e-01
3.265180373484749543e-01	-9.021341221349610251e-02
3.277319232055923015e-01	1.073418208298746457e+00
3.278456731749569975e-01	-9.125781389212717087e-03
3.279597420965681964e-01	7.311402944555427386e-01
3.291736685476078783e-01	-1.319335059029341783e-01
3.292870473725402758e-01	1.337418144879058968e+00
3.294009771149893906e-01	1.390041985132421942e-01
3.306151007365086825e-01	7.831218714021448424e-01
3.307280620239547719e-01	4.960031626422580775e-01
3.308423455134408830e-01	1.123477221452930941e+00
3.320566431089128634e-01	1.062059952449609934e-01
3.321696855842035112e-01	1.055041989837457450e+00
3.322837950997369894e-01	-6.184617869881492425e-02
3.334977157516448854e-01	3.376863815312081130e-02
3.336111467687630783e-01	5.790351784728515749e-01
3.337253838651951798e-01	-1.846599901827273849e-01
3.349386608134783394e-01	1.432676931399065268e+00
3.350525557611369054e-01	3.719206198432418731e-01
3.351669378358628215e-01	-5.853607282407402579e-02
3.363811020513044481e-01	-4.452252102721236948e-01
3.364937443865040345e-01	4.472600835342817049e-01
3.366080336751218760e-01	6.391882257796990263e-01
3.378220065192155674e-01	3.547537560255702438e-01
3.379354317372020300e-01	2.938141113821473027e-01
3.380492918900700472e-01	-1.245770578815709184e-01
3.392632763324272549e-01	3.353170570964669750e-02
3.393770436991872530e-01	4.301067718389222083e-01
3.394908226642107119e-01	3.959151117908679129e-01
3.407046215343517703e-01	-1.039148375680609693e-01
3.408181221410510053e-01	2.989107430079609440e-01
3.409321504687399251e-01	3.697451596666605500e-01
3.421458681510364253e-01	5.451358078424619613e-01
3.422593803559992320e-01	1.525563208253850611e-01
3.423732347097355189e-01	4.231197339990588890e-01
3.435884949610786832e-01	3.779586645757726515e-01
3.437010039162479158e-01	1.985212148593722414e-01
3.438148640691159885e-01	5.229251427062953095e-01
3.450289065027907220e-01	2.751356116842009758e-01
3.451423201225136683e-01	8.111233124628922653e-01
3.452563600484661044e-01	-1.124592209888789496e-01
3.464702807003740004e-01	6.234176899541550299e-01
3.465836479270428816e-01	7.544876456658733410e-02
3.466976530582047689e-01	5.092409446258558958e-01
3.479117070901430742e-01	-1.575418488906468184e-01
3.480250395220214066e-01	4.729520362257504384e-01
3.481390968453691448e-01	1.081139931955819478e+00
3.493525187719461189e-01	4.917969819191081449e-02
3.494661991517297728e-01	5.294914061908739811e-02
3.495805870255874748e-01	2.769091021311849143e-01
3.507930462962932650e-01	-1.641395503352711671e-01
3.509081358650932292e-01	-1.302950772850948180e-01
3.510218626379309481e-01	3.992338887269186731e-01
3.523491273199807483e-01	5.495332418357639082e-01
3.524635035955749340e-01	5.242308552365222418e-01
3.537903159453478774e-01	-1.988069128461805724e-01
3.539045994348339885e-01	-4.872721627759715179e-01
3.552316263524818440e-01	9.760797452462970369e-01
3.553459620341537506e-01	-2.373907238568049305e-01
3.566733600962339046e-01	2.106629976630989276e-01
3.567872840395512335e-01	1.825215991746194089e+00
3.581146241103138061e-01	8.462099868260191116e-01
3.582290351806985407e-01	1.798844051648098574e-01
3.595558359322079678e-01	1.374071153533042988e-01
3.596696496920219754e-01	4.470175540419507598e-02
3.609975870733552750e-01	8.642885485177753679e-02
3.611115574097266689e-01	1.710340653555213475e-01
3.624384625456076869e-01	1.478467286249272039e-01
3.625530823847355477e-01	6.560162865395673393e-01
3.638798715379814586e-01	2.515118506757583194e-01
3.639942130187850955e-01	5.761130882356666483e-01
3.653218256487401616e-01	1.779448637122180710e+00
3.654357031990034810e-01	7.160045262572800606e-01
3.667632172437187421e-01	1.053007594139074854e-01
3.668769324182928893e-01	1.319100070283176773e-01
3.682044174673493875e-01	3.919010420711075415e-01
3.683181790349775442e-01	-2.555110024488347342e-01
3.696459250449629641e-01	9.810120286769521414e-01
3.697598025952262835e-01	3.536882222240111950e-02
3.710869628929044928e-01	6.637254917107759944e-01
3.712011188014920360e-01	8.960546926900809783e-01
3.725285690557579299e-01	3.809535687582619179e-01
3.726433512705749629e-01	-6.884214906183548921e-01
3.739700882316350783e-01	3.339745625207475310e-01
3.740838845940538393e-01	1.929888480466752654e-01
3.754112478613434445e-01	3.126068853317938157e-01
3.755254095690627181e-01	8.065846148217603595e-01
3.768526452554537554e-01	6.227584595976152215e-01
3.769661922552069999e-01	-2.931533429284949310e-01
3.782935149285743814e-01	-3.080813502008029614e-01
3.784081115711752097e-01	7.287682136569411107e-01
3.797354110480155587e-01	2.254070481751035970e-02
3.798494219783091763e-01	1.628629395407581448e-01
3.811767446516765578e-01	-7.933771920950716261e-02
3.812909237567910781e-01	1.384339757396846338e-01
3.826178694865943752e-01	-3.423550120736951197e-01
3.827321703734757330e-01	9.134126949294096853e-02
3.840596844181909941e-01	-3.236451587368399663e-01
3.841736663528258489e-01	1.728931179306623100e-01
3.855009310348756491e-01	4.726566458987435659e-01
3.856148897729835268e-01	5.388570406661494783e-01
3.869422994333271970e-01	-3.658651304971559659e-01
3.870562059792492238e-01	1.889884452977215190e-01
3.883837548187550337e-01	4.427397616522170676e-01
3.884979861160553494e-01	-5.575599274993081611e-02
3.898251000206794936e-01	-1.855978429861253609e-01
3.899391921388177251e-01	-2.478094921267356421e-01
3.912664104278134602e-01	1.059026773191204196e+00
3.913804155589754030e-01	-7.383452391432965278e-02
3.927078310184508037e-01	3.301216252383087912e-01
3.928217955556904117e-01	1.122883714962412682e-01
3.941493038012738870e-01	9.824791338688454445e-02
3.942632625393817647e-01	-1.871574550096055667e-02
3.955906200075396395e-01	-2.322220248008994847e-01
3.957043467803773029e-01	9.823550974951400505e-02
3.970321043886262391e-01	4.188819394126541695e-01
3.971463646815853177e-01	2.138647745109478748e-02
3.984734089966284198e-01	3.353737617252290359e-01
3.985874605208443722e-01	7.691711099667355445e-01
3.999147310020259027e-01	2.714095819878208360e-01
4.000289854958532509e-01	-1.394642939384483915e-01
4.013561283961362136e-01	6.433296624794946350e-01
4.014701973177474126e-01	6.385306033020778926e-01
4.027974793971924594e-01	1.589487849581966650e+00
4.029117048953610447e-01	-5.045872080480129362e-02
4.042388419965122215e-01	-5.171264545931750778e-01
4.043528239311471317e-01	2.178147282436029286e-01
4.056803321767306070e-01	-5.676304195259003205e-01
4.057941459365446146e-01	2.332730215408540531e-02
4.071216889769185832e-01	-1.716184537483100847e-02
4.072357463002663214e-01	7.026734872964157663e-01
4.085630747727653778e-01	-4.499954424775038930e-01
4.086770335108732555e-01	-1.061170574437843017e-01
4.100043503851088511e-01	8.656463717369979882e-01
4.101183903110612872e-01	3.740305015296521152e-01
4.114452664512834867e-01	-4.020740163937142064e-02
4.115597877051715425e-01	3.369863494318798836e-01
4.128872031646469432e-01	5.552910562425179553e-01
4.130012720862581421e-01	-1.015849904879573273e-02
4.143281888204026764e-01	-4.323957415821932937e-02
4.144425476986016155e-01	-1.724348273722328129e-01
4.157700327476580582e-01	-3.787367180570905267e-01
4.158841596605868385e-01	1.360277849383142446e-01
4.172112155738934569e-01	-3.007472096841978804e-02
4.173253424868221817e-01	-5.556454031014834705e-02
4.186527173523753032e-01	4.358735444282215710e-01
4.187665485095845574e-01	1.346992175577474971e-01
4.200941263447491303e-01	1.714277659935383724e-01
4.202081662707015663e-01	7.752614107641135899e-01
4.215356049267039995e-01	-9.065718679497170029e-02
4.216495288700213284e-01	5.440082558540515478e-02
4.229767181633583006e-01	-1.448176693729803510e-01
4.230906653032026621e-01	4.704923260260966966e-01
4.244183127279482215e-01	-2.178329440874875456e-01
4.245322308721338200e-01	9.480165462230427664e-02
4.258597159211902627e-01	-1.007016063981531762e-01
4.259737442488791825e-01	1.885510179107829920e-02
4.273014322675470766e-01	-2.268232842111701508e-01
4.274150372586179025e-01	-1.638451936447116175e-01
4.287422613467454235e-01	1.115565308689511426e+00
4.288563012726978596e-01	-1.170993872746107778e-01
4.301838965052576236e-01	-1.538051382843087511e-01
4.302977566581256963e-01	-2.273651394066675824e-01
4.316252533054456553e-01	8.975617346305888589e-01
4.317393802183743801e-01	-2.647134946381402010e-02
4.330666275030289336e-01	6.429359618414778321e-01
4.331804818567652204e-01	6.359571930931948724e-01
4.345074681804907968e-01	1.055666765645745908e+00
4.346226157406083423e-01	-2.254921901637317871e-01
4.359493063086143927e-01	1.002462741327191154e+00
4.360631200684284003e-01	-2.547411729924085044e-01
4.373908254844915411e-01	-5.014269525612753409e-01
4.375047842225994188e-01	-6.854460227282710427e-02
4.388314805897372550e-01	-9.465247878593507913e-02
4.389462280097637392e-01	-4.849958656215082042e-01
4.402735796787898281e-01	7.922911454797454400e-01
4.403873470455498262e-01	2.709369804343084720e-01
4.417149248807143436e-01	-1.307493605037871598e-01
4.418288662214269746e-01	-3.547997077807970578e-01
4.431570471662939492e-01	-4.895225310676420971e-02
4.432704375894898630e-01	3.211070520823560148e-01
4.445975630923775790e-01	7.037944085995218035e-01
4.447115972191982292e-01	1.604961846595502450e+00
4.460388039099305035e-01	-3.361558349038429316e-01
4.461531047968118613e-01	3.996735592899613998e-02
4.474805376536825641e-01	8.047386549749546703e-01
4.475941716404121529e-01	5.520979235590899314e-01
4.489217552747084561e-01	2.112687086213553833e-01
4.490357430084750967e-01	2.028860318803298313e-01
4.503631758653457440e-01	5.186742553915548726e-01
4.504771925947711475e-01	1.656364158264864717e-01
4.518043818881081197e-01	-2.844618385866444221e-01
4.519182710366349554e-01	3.199960077497485678e-01
4.532459358587758169e-01	9.296990996634117987e-01
4.533596684307452107e-01	6.960576397897122458e-01
4.546871186850111601e-01	-1.691457656688155620e-02
4.548016921310850114e-01	2.474061318576497026e-01
4.561287190487328669e-01	5.625689209969797488e-02
4.562429561451649684e-01	-2.710964599260229368e-01
4.575701628358971873e-01	3.086410519795852458e-01
4.576841215740050650e-01	-2.868480457500292014e-01
4.590106729628490312e-01	-1.059113637907245220e-01
4.591253044002404637e-01	4.427352825609442988e-01
4.604526966631888318e-01	-2.415405139693183045e-02
4.605666901960872028e-01	6.267035053723788440e-01
4.606793383304185752e-01	2.265611880960527458e-04
4.618940650616403243e-01	4.145694089839024876e-02
4.620081223849880625e-01	8.525577779473278994e-01
4.621208923010862168e-01	-2.617090580306347114e-02
4.633356016349127748e-01	5.098166801271337700e-01
4.634494617877807920e-01	8.764578949601031788e-02
4.635618953542371967e-01	4.666529408659700895e-01
4.647770628194723419e-01	-5.332912921960974995e-02
4.648910215575802196e-01	-4.643687889472144503e-01
4.650032637526887447e-01	9.345184027031594454e-02
4.662184544144508669e-01	-5.072559730344152751e-01
4.663325697291161309e-01	-3.918768788206431486e-01
4.664448351207516330e-01	7.117789361386162028e-02
4.676595328563146747e-01	8.153837627300064561e-02
4.677737235596927112e-01	1.790102932756765242e-01
4.678868530219596478e-01	4.978788682490542516e-01
4.691011506174316281e-01	5.750170890557955161e-01
4.692152775303603529e-01	4.698032350610723551e-01
4.693277052976850272e-01	-5.643141674414875464e-02
4.705426407976500136e-01	1.722325093921925898e-01
4.706565763392308588e-01	9.765265364159780859e-02
4.707688533291298771e-01	8.010759373262188454e-02
4.719832553089734484e-01	2.795673010561228189e-02
4.720984840569354968e-01	3.784587454467480683e-02
4.722104246971928210e-01	-5.418833395572295597e-01
4.734255399702421707e-01	1.606694481505919203e-01
4.735392551448163179e-01	3.699410911977158989e-01
4.736515205364518755e-01	7.748609340649403876e-01
4.748670707443827799e-01	-3.386512055609369742e-01
4.749805887484773170e-01	-7.529970357871240694e-02
4.750928889349033679e-01	7.316615074494459137e-02
4.763078882253176660e-01	-2.497832209233064038e-01
4.764220615313004004e-01	-4.403541985131087522e-01
4.765346400760507306e-01	-1.932876961860661158e-01
4.777491986324516327e-01	-4.914219259915945104e-01
4.778631109775054453e-01	-2.245990134245662295e-01
4.779759620814482135e-01	6.922144646292780479e-01
4.791906134239571902e-01	1.261606914101323085e-01
4.793049085117068175e-01	3.885920272570613232e-01
4.794172550911868780e-01	-3.553230149444859265e-01
4.806315352892636117e-01	-4.151671198020142617e-01
4.807462711110265796e-01	6.174223688614559613e-01
4.808587336731417472e-01	-3.252653264441059955e-01
4.820732110416980909e-01	1.406155534138142649e-02
4.821873379546268157e-01	-1.450828545460204344e-01
4.823001252681202722e-01	-2.743799783743633425e-01
4.835150839646122356e-01	-3.010217281126239541e-01
4.836290253053248667e-01	6.253600382149260284e-02
4.837414356752542388e-01	-3.922014980894166225e-01
4.849556578820133912e-01	2.504210196781249120e-01
4.850700921489251582e-01	6.637237689833632714e-01
4.851830070433171826e-01	-1.912079048051288366e-01
4.863981107181030161e-01	5.914560431174131772e-01
4.865119186787852379e-01	1.316175537700257525e+00
4.866241260791032697e-01	3.512078087680499117e-01
4.878390151860141910e-01	-3.814379546399854215e-01
4.879532058893922275e-01	3.989867652948198007e-02
4.880657148445614602e-01	-1.169743172644588380e-01
4.892802618026988459e-01	-1.624979633838422588e-01
4.893943655191005937e-01	3.348516604707292288e-01
4.895069440638508684e-01	5.037219002384827338e-01
4.907216475985456405e-01	-1.684117994699271259e-01
4.908361978480924592e-01	-8.634364962666141174e-02
4.909484342440691984e-01	-5.254078349623418909e-01
4.921631145822369935e-01	-3.448889718248303593e-01
4.922774096699866209e-01	4.785793827431266134e-01
4.923898606338382722e-01	-2.521365239931112612e-01
4.936044191902391742e-01	3.527146210115694736e-01
4.937187896667016296e-01	3.465639099062574058e-01
4.938312348314215505e-01	9.314680266979857848e-02
4.950463153096803515e-01	-3.667109322324761944e-01
4.951595839511094277e-01	-4.496159256285167105e-01
4.952727250116399360e-01	-3.676343715498556763e-01
4.964870979958246888e-01	-4.871277982187989242e-01
4.966013756861790696e-01	1.435338231233347361e-01
4.967138556456894838e-01	-9.594618964852086318e-02
4.979291738883502294e-01	1.660900673784606596e-01
4.980426860933130362e-01	3.476084569607400532e-01
4.981550732667154313e-01	-4.637502723818581751e-01
4.993705770815923262e-01	3.983413167575822200e-02
4.994842574613759245e-01	-4.380742262068318960e-01
4.995964764599574726e-01	9.154868587341336017e-02
5.008113191738143843e-01	-4.779423305035203073e-01
5.009255272745876120e-01	2.440278634016184167e-01
5.010382913915540914e-01	5.220261086939268491e-01
5.022530529175663894e-01	9.926570074222529350e-02
5.023669478652249554e-01	-5.291544494360689299e-02
5.024794278247354251e-01	-1.093123148243545506e-01
5.036935166514642237e-01	-3.620711679164738683e-01
5.038084380454432853e-01	2.991705303017750950e-01
5.039209470006125180e-01	-7.900046660637494167e-02
5.051356273387802576e-01	-2.737492304443779334e-01
5.052495918760199212e-01	-2.085031961361738517e-02
5.053623791895133222e-01	-1.972930374202693793e-01
5.065769551433095819e-01	-3.168113287882005080e-01
5.066909196805491344e-01	5.360757546828176512e-01
5.068036084088027859e-01	-2.558213230800839844e-01
5.080195181629024725e-01	2.800811026916856239e-01
5.081325142451390553e-01	3.783926770352437075e-01
5.082443678984200908e-01	-3.521225893816779529e-01
5.094598601150334138e-01	4.846917344513854697e-01
5.095737840583507428e-01	4.731713968496165101e-01
5.096865249787901897e-01	-1.716142348813830543e-01
5.109014430813598739e-01	2.022634381934305114e-01
5.110151756533293232e-01	-5.814298393581164293e-01
5.111278759798464355e-01	-1.852326247746625132e-01
5.123426433049905748e-01	-1.005053877458623734e-01
5.124563352830376894e-01	-3.255527922250153194e-01
5.125691109982676297e-01	-2.847912814921730318e-01
5.137839305155974534e-01	-1.966014466852628040e-02
5.138979472450229125e-01	1.104906219945528179e+00
5.140105547854318946e-01	-5.932554155452676170e-01
5.152255250801873743e-01	8.022921828794871146e-02
5.153395360104811029e-01	-2.973232046305976928e-01
5.154520913587042896e-01	5.735850431819808914e-01
5.166662845698046791e-01	1.529130402482792306e-01
5.167807652297704557e-01	2.778218031143595557e-01
5.168932683858079580e-01	1.310819799127038721e-02
5.181074152038542824e-01	-9.857599046804177423e-02
5.182219596542693152e-01	-1.123029121883124537e-01
5.183345555964149476e-01	5.575369185460261612e-01
5.195490387641029661e-01	5.396545486096708810e-01
5.196633802449066586e-01	5.447256838697782655e-01
5.197765792967546927e-01	1.317779312600213526e-01
5.209913524210305624e-01	-4.415561454288522425e-01
5.211048066346757324e-01	5.000554769105773900e-01
5.212173561837672997e-01	-1.169384271100304407e-01
5.224321467054383605e-01	2.391258999734244828e-01
5.225463838018704621e-01	4.250623962779562781e-01
5.226587999709315646e-01	-8.267831735945041505e-02
5.238730685707447821e-01	5.236373182186480069e-01
5.239877695977172012e-01	3.022246119861193847e-02
5.241003191468087685e-01	-6.314478515998819264e-01
5.253149124980001083e-01	-4.946189060995772602e-01
5.254291669918275121e-01	-1.713517486479558816e-01
5.255410264442401669e-01	2.702799321991578019e-01
5.267568434122318344e-01	1.272633518026651256e-01
5.268703324206676086e-01	3.528445146584764380e-01
5.269827775853875851e-01	-4.147052565827068493e-01
5.283118979895987666e-01	1.589557937690708744e-01
5.284246447091699439e-01	-1.935570733291434031e-01
5.297531852002057562e-01	2.340546498648230500e-01
5.298653810022602162e-01	-1.869655162789571889e-01
5.311944318168904111e-01	2.622792415497441354e-01
5.313071959338568906e-01	-9.332052337479035398e-02
5.326360031849532994e-01	-5.471728305168790385e-01
5.327485933279670904e-01	6.526230790347531396e-03
5.340773077929555912e-01	-1.539159670811833802e-01
5.341901762942935505e-01	9.655552589374820638e-01
5.355185428113766744e-01	-2.289130099868532664e-01
5.356314925005593031e-01	3.940225234554288747e-01
5.369603519438416184e-01	-1.642391239797170721e-01
5.370725941389501434e-01	7.274798737766907664e-02
5.384015869622627015e-01	2.559590445943937809e-02
5.385139857339286129e-01	-1.112822536206174995e-01
5.398423754475387693e-01	-3.417661838440818611e-01
5.399554063245659563e-01	-2.428533202092932886e-01
5.412841787808718719e-01	3.115521167613302111e-01
5.413969660943653839e-01	1.463177811493898695e-02
5.427253906027660335e-01	-2.250426157333005328e-01
5.428381953136547367e-01	7.600769468043222510e-01
5.441671359447816103e-01	-1.225423445345957818e-01
5.442797956773764989e-01	-3.911114710312425524e-01
5.456086261249999403e-01	3.096380822848376901e-02
5.457206363548383621e-01	3.989626165836874794e-01
5.470498785408164366e-01	8.032702021284880978e-01
5.471618829715230170e-01	-3.571799428224848860e-01
5.484912237427409520e-01	3.272017171225125587e-01
5.486039762614438597e-01	-3.167560866625044325e-01
5.499325515472701653e-01	1.356623370298628561e-01
5.500452576729190080e-01	-3.709493010613518216e-01
5.513739257448534437e-01	-3.803302983379560631e-01
5.514866086739752538e-01	-4.025856969626020465e-01
5.528149751910584886e-01	2.158162495965385563e-01
5.529278088976059546e-01	3.131016526446812609e-01
5.542574744202021231e-01	3.371233636854256144e-01
5.543694788509087035e-01	-3.435312903509913918e-01
5.556979439532316878e-01	6.252472264662942703e-01
5.558104703057961116e-01	3.454455152700230958e-01
5.571394457317134785e-01	-2.146356194340223178e-01
5.572519256912239483e-01	5.621676098309889014e-01
5.585809069162731566e-01	8.704503693996643587e-01
5.586933346835978309e-01	6.281118081352587978e-02
5.600221013407720161e-01	-5.515581192819225542e-01
5.601347088811811092e-01	-2.020741228083485774e-01
5.614636379140444111e-01	3.203961399034391810e-01
5.615760018909198292e-01	4.584794337601860725e-02
5.629050932994722478e-01	7.202838959985744527e-01
5.630175732589827176e-01	4.290246693268455758e-01
5.643460615578327344e-01	3.356952226604128509e-01
5.644588836661166287e-01	-2.790075382226253620e-02
5.657874415545477431e-01	8.976247864538886567e-01
5.659006348072640469e-01	2.973502965176633150e-01
5.672291347043775245e-01	-2.833950109242926452e-01
5.673418350308946367e-01	3.470855822941376623e-02
5.686704741071701985e-01	-5.148764846407660745e-02
5.687830526519205288e-01	5.282242522273314922e-01
5.701118541038853182e-01	-2.217505410721444248e-01
5.702244210503720767e-01	2.030291331040665614e-01
5.715531761092828011e-01	-1.957971357836959525e-01
5.716659112305904067e-01	1.343532938933054144e-01
5.729943879311768518e-01	1.083389813956623815e+00
5.731069200828731169e-01	-6.529335625134857768e-02
5.744360752818749027e-01	8.285451399376231318e-01
5.745485842370441354e-01	2.587769367200085657e-01
5.758772581081103015e-01	7.429648657183700600e-01
5.759898830459145858e-01	7.215309209482800856e-01
5.773188584718319527e-01	-2.168774620402343922e-01
5.774313558287377246e-01	-3.464787046811411697e-01
5.787601920754930074e-01	-2.524783131117631640e-01
5.788728808037465479e-01	1.746606362559495196e-01
5.802014792860998860e-01	4.448859659901427399e-02
5.803141912108805700e-01	6.859653283644617794e-01
5.816426273175447914e-01	2.699510061118528537e-01
5.817554552249605271e-01	2.739208591613575550e-01
5.830842334803982840e-01	1.723591872812626491e-01
5.831969106103883638e-01	-1.895531945980077904e-02
5.845253525161843156e-01	4.456824097698586229e-01
5.846382036201270838e-01	-1.247215947114849177e-01
5.859670978581998924e-01	9.686398903212767308e-02
5.860795546211833296e-01	-1.621610553261925158e-01
5.874080371209015050e-01	6.864025565817695185e-01
5.875210737970604225e-01	3.203655902039899139e-01
5.888498520524981794e-01	-2.770869661265273898e-03
5.889624943876977659e-01	-1.101903889865366581e-01
5.902912204509497274e-01	1.280610894431748470e-01
5.904042803236355663e-01	2.858413289168171278e-01
5.917328672077254437e-01	3.567319064891663061e-01
5.918450978045703970e-01	6.588707310136860951e-01
5.931741138244100986e-01	-1.878408340772792506e-01
5.932865009978124382e-01	1.902862332818504587e-01
5.946152618558548930e-01	2.843617357664163237e-01
5.947280491693484050e-01	1.076988264995493161e-02
5.960564968742760872e-01	-1.648129644808410399e-01
5.961692783886377578e-01	-3.373896217493610461e-02
5.974982944084774594e-01	-1.437418261038362344e-01
5.976106525862210361e-01	-4.852824700387111667e-01
5.989397149991148028e-01	1.284172346235983309e-01
5.990518702072469281e-01	-4.929113961124943488e-01
6.003809500175358860e-01	7.014373729536562685e-01
6.004934241779146253e-01	1.771641037318825163e-01
6.018222952194604014e-01	-1.273169984070015026e-01
6.019347577815756800e-01	1.908197045372732603e-01
6.032635418361450563e-01	-2.714054023753421641e-01
6.033761957696082145e-01	-7.082951306435325556e-02
6.047050610120222602e-01	3.988776592253584496e-02
6.048176221593772883e-01	1.148565875004521342e+00
6.061461394538860681e-01	1.715183814554390729e-01
6.062589789595652645e-01	-1.679324218552585846e-01
6.075881225603034785e-01	9.612137866881997894e-02
6.077003183623580496e-01	-7.382927264845728921e-01
6.090291256134545694e-01	3.721834237252630295e-02
6.091416693634142954e-01	1.346668302823912367e-01
6.104704070249297176e-01	6.069222609607627383e-02
6.105832407314771837e-01	4.363662444682139263e-01
6.119119435982021127e-01	-4.464100447622357803e-01
6.120248410951989460e-01	9.702236510558903682e-02
6.133535149662650010e-01	-6.217332463446012536e-02
6.134657803579005586e-01	-8.993800552447483998e-02
6.147943034515410687e-01	1.845218924278917427e+00
6.149071371580886458e-01	5.412019023716327926e-01
6.162362169683776036e-01	-2.248119999570057370e-01
6.163483663773779986e-01	-2.501796205009365615e-01
6.176772374189237746e-01	-5.249748561393183799e-01
6.177899725402314912e-01	4.528759452022408372e-01
6.191186928043516113e-01	-2.748036544693590599e-01
6.192315613056896817e-01	-2.053437445888943724e-01
6.205605135350800161e-01	-1.981348194582934763e-01
6.206723671883609406e-01	1.436709522253745153e-01
6.220017833482917036e-01	3.778021173336698624e-03
6.221144836748088158e-01	-5.509603615818876587e-01
6.234430821571621539e-01	6.496858375408782749e-01
6.235552199678990881e-01	1.235664936238043410e-01
6.248838532450429195e-01	5.176343022768392643e-01
6.249970522968909536e-01	6.761931302198220806e-02
6.263249896782242532e-01	-2.992073516017150769e-01
6.264383511057614040e-01	5.522936253931567396e-01
6.277670191776958397e-01	-8.251414143703339477e-02
6.278794991372063095e-01	-3.000978868255147480e-01
6.292083933752791181e-01	-1.393671895366271896e-01
6.293213256670664446e-01	2.628773725073849654e-01
6.306499299485515131e-01	-2.922287551261736338e-01
6.307619865714438889e-01	-3.627663458516892092e-01
6.320908866086484279e-01	3.049584350140015498e-01
6.322039464813343779e-01	3.202688877718979921e-01
6.335332408594982478e-01	-6.064623894203041710e-01
6.336450365214616465e-01	8.433452059874249063e-01
6.349740931352235718e-01	-3.683619636573176592e-02
6.350866368851834087e-01	-9.650409310584473488e-03
6.364153223545130356e-01	-2.572841483503363058e-01
6.365279356940538591e-01	-6.003179949821715322e-01
6.366413667111719965e-01	-5.049798481526930338e-01
6.378571720809002032e-01	-5.183805121979145891e-02
6.379694026777451565e-01	2.465583202736814084e-01
6.380829090835762329e-01	4.773478928674901312e-02
6.392983027149496955e-01	2.309507849887237896e-02
6.394106202987710486e-01	-3.959751324866305211e-01
6.395237555601698265e-01	-4.370132558176829107e-01
6.407397117073235782e-01	-2.903123931524412837e-01
6.408521452737799828e-01	2.938232992616811590e-01
6.409653791204185103e-01	-5.199112721677027205e-01
6.421809931187987264e-01	-3.381576441572383684e-01
6.422935078730996894e-01	4.295867378573172690e-01
6.424070316763259569e-01	-4.375626910137956349e-01
6.436223151241962093e-01	1.732786643255934678e-01
6.437348356776290137e-01	2.194303325384594494e-02
6.438482492973519600e-01	-5.820296356189229581e-01
6.450633993651917475e-01	-1.929607494200513695e-02
6.451763084604520415e-01	2.009082259622161359e-01
6.452900294341580301e-01	-1.131106416478150356e-01
6.465049533358594447e-01	-5.104905660242389231e-01
6.466175782736637290e-01	-2.283431317587781839e-01
6.467308237185658282e-01	-3.787293372261058000e-02
6.479465594987129373e-01	2.363275015644612509e-01
6.480591728382537609e-01	2.751325107748585630e-01
6.481729112093549405e-01	-3.734137200492666508e-01
6.493879220980326439e-01	-3.418807452170170569e-01
6.495000889044283410e-01	1.661636852632242256e-01
6.496139838520869070e-01	-4.202564585484477311e-01
6.508296036495989645e-01	-4.970426112963086673e-01
6.509417414603358987e-01	-1.934793208985898794e-01
6.510554102418559808e-01	-4.350651956595594783e-01
6.522697484312501848e-01	4.988687474203115091e-01
6.523831736492367028e-01	1.580610091509868642e-01
6.524965002819832494e-01	-4.660945867417598532e-02
6.537119866994649531e-01	-1.712303537896174843e-01
6.538245942398739352e-01	-1.907330062817329530e-01
6.539375845229788986e-01	-5.249806559882739254e-01
6.551536044605819065e-01	-2.515203618218854187e-01
6.552656784808695845e-01	6.129536139532738570e-01
6.553793066684674429e-01	-4.206789287342547201e-01
6.565945263258883280e-01	-2.751654846502439300e-01
6.567070236827939889e-01	-2.503135912693866816e-01
6.568205822808108607e-01	-3.932029195343381689e-01
6.580363412574848914e-01	-2.463924339814105302e-01
6.581485254612758906e-01	-2.089844113267480541e-02
6.582619622775258694e-01	-4.640505437698674296e-01
6.594775240837202901e-01	-3.095939622932780688e-01
6.595894705231093447e-01	-3.743108590614812048e-01
6.597032552872645894e-01	-2.757336401509064006e-01
6.609187707004049450e-01	-5.848172669815577818e-01
6.610314304329998336e-01	-7.072396729821028849e-02
6.611447628648782215e-01	-7.451874548472436910e-01
6.623597099631066687e-01	-2.304645557188523819e-01
6.624728974166911311e-01	7.294924482611815364e-01
6.625862704424918537e-01	-2.947722473023250966e-01
6.638017336634464138e-01	-5.443507733181165431e-01
6.639141266359805948e-01	1.538533048700549966e-01
6.640276098452845277e-01	-5.958740473487302847e-01
6.652430962627662314e-01	2.357408554562372416e-01
6.653556574101212595e-01	-2.401420343831583981e-01
6.654697205326006726e-01	-5.538956306837787835e-01
6.666845864429845614e-01	1.111267938261990551e-01
6.667968982276741841e-01	-1.293598659970629505e-01
6.669103060482652889e-01	-4.875006538551241997e-01
6.681257692692199601e-01	9.289100905084590742e-01
6.682385043905275657e-01	8.423008043087931718e-02
6.683514946736324180e-01	3.051096061596880737e-02
6.695675320086307281e-01	-2.940415237581640584e-01
6.696801105533810583e-01	3.381983455908634806e-01
6.697931820243304690e-01	-5.244475579904571694e-01
6.710083088956433350e-01	7.260511279818506747e-01
6.711209686282382236e-01	6.375447438281163226e-01
6.712346084140995428e-01	-7.925893475963564638e-01
6.724493061496625845e-01	-2.030548141000723117e-01
6.725626211841456703e-01	-6.154704449242126563e-01
6.726759246203652953e-01	-2.804710831111986158e-01
6.738914052387151576e-01	4.299496590988967082e-01
6.740038793990938970e-01	-4.140935160785065294e-01
6.741174437962423882e-01	-3.687647678537308016e-01
6.753328548250112640e-01	-1.980957709702754199e-01
6.754453985749709899e-01	-2.294489504849007711e-01
6.755584932424474331e-01	-3.564933211000853586e-01
6.767734055458853870e-01	-2.267606612544903477e-02
6.768867263795002032e-01	-3.215421679600802829e-01
6.770001168026961169e-01	-5.536305890713564271e-01
6.782158351854479239e-01	-5.651645649318082221e-01
6.783282861492996307e-01	-3.946224469222880948e-01
6.784414388080935998e-01	-4.952289238763649681e-01
6.796568382385989038e-01	2.307496547480725191e-01
6.797692196128695130e-01	2.052115990387926026e-01
6.798823316777412584e-01	-5.019956823044086081e-01
6.810982994231584708e-01	1.131021879259350715e-01
6.812109765531486616e-01	2.686661960075653610e-01
6.813246221381417111e-01	-5.058494235263065741e-01
6.825397084155323535e-01	-5.140578751016751102e-01
6.826522347680967773e-01	1.513974995192026718e-01
6.827658629556946357e-01	-4.585613025667315545e-01
6.839814421592843585e-01	-3.448966092496927871e-01
6.840936495596023903e-01	2.964258809880835344e-01
6.842071095723794016e-01	-5.158096591832608269e-01
6.854216623296485178e-01	-4.457970983488467320e-01
6.855350237571856686e-01	-3.985189692082645729e-01
6.856482054116384006e-01	-4.677376398267236723e-01
6.868642311483732499e-01	-9.871570366120041573e-02
6.869764269504277099e-01	2.807770845663599690e-01
6.870897825788331303e-01	-3.422159305472544100e-01
6.883046716857440517e-01	2.507311411397439294e-02
6.884176097766631086e-01	6.322041740006847377e-01
6.885311567764164087e-01	-5.293910104371702952e-01
6.897466431938980014e-01	1.045724101808399809e+00
6.898590651620909453e-01	-4.673268267630751316e-01
6.899726527557664690e-01	-3.544336282056279597e-01
6.911874258800423387e-01	-1.717312654969429531e-01
6.913003755692248564e-01	7.096388187708806417e-01
6.914139457655051890e-01	-5.588984598019781647e-01
6.926285913088824353e-01	-7.672250414874615121e-02
6.927419527364195861e-01	3.420903313613201657e-01
6.928552271769803372e-01	-1.319854174222993004e-01
6.940696117594286063e-01	-1.819180972328959811e-01
6.941829267939118031e-01	3.572094465279282982e-01
6.942964331997427685e-01	-5.514955268525995047e-01
6.955121109885723518e-01	5.996336004478497461e-01
6.956247649220353990e-01	-2.404617813354881228e-03
6.957380103669374982e-01	-5.699137511506315867e-01
6.969530966443280295e-01	4.624487968883570499e-01
6.970659883421930214e-01	7.011293492922905379e-01
6.971794599532334935e-01	-3.412758381982200495e-01
6.983948593837387975e-01	-1.439732727164799719e-02
6.985075887059147837e-01	2.762055402558951656e-01
6.986206949716546877e-01	5.815935435289982802e-01
6.998362103847951543e-01	-4.683167633585794132e-01
6.999487367373595781e-01	2.321651624387264246e-01
7.000621851518730177e-01	9.711619632532642044e-02
7.012776657702229910e-01	-4.211623834704663061e-01
7.013898499740138792e-01	7.047777719339687330e-02
7.015034027728990207e-01	-5.382396562311697608e-01
7.027189587799616000e-01	-5.910085483174355447e-01
7.028316185125564886e-01	2.187516622590477411e-01
7.029449741409619090e-01	-5.398672029541864426e-01
7.042729927101397669e-01	-3.193752065720673050e-01
7.043864643211802390e-01	9.934138589988372736e-02
7.057143669077230452e-01	4.681887254573768864e-02
7.058278907109493128e-01	-1.641064739689499508e-01
7.071558454896779145e-01	-1.714385741095488802e-01
7.072690213449989161e-01	-4.754675751511300286e-01
7.085971906916024299e-01	-5.231460661423912306e-01
7.087106217087205673e-01	-4.295004989957534880e-01
7.100385358935269453e-01	-3.808886342923669677e-01
7.101515551722905606e-01	-2.394684479648472308e-01
7.114798926937149215e-01	-5.218141394433699620e-01
7.115934280952046498e-01	-6.436677026675212687e-01
7.129212031008488326e-01	4.451794882138853104e-01
7.130346341179670810e-01	-1.021879756097103797e-01
7.143625483027733480e-01	-1.851372699971443048e-02
7.144762460799523041e-01	-6.130963255648393950e-01
7.158042008586809057e-01	2.465129551184841450e-01
7.159166460234007712e-01	-7.567962239742898056e-02
7.172455924536593752e-01	1.138043716192946864e-01
7.173585769376324972e-01	-2.480699110872677249e-01
7.186868274720805694e-01	-6.713750454468211393e-01
7.188003744718338694e-01	-7.045188278340619448e-01
7.201284626305928249e-01	-5.977252328020208338e-01
7.202414761102247098e-01	-3.075828503118549495e-01
7.215699528108111549e-01	1.980016402717441615e-01
7.216828039147539231e-01	-3.808549836835749547e-01
7.230108514795905439e-01	-4.766613678237873186e-01
7.231245376585059281e-01	-6.398930059217362576e-01
7.244522778693596177e-01	-2.755869211996032631e-01
7.245657610786636615e-01	-5.322955862789944259e-01
7.258931707390072763e-01	8.777770142367902206e-01
7.260073034510677870e-01	-2.861750909984358548e-01
7.273351422471612260e-01	7.470443147586713906e-02
7.274480803380802829e-01	2.482699379096642289e-02
7.287764062612411831e-01	-1.194505656472732991e-01
7.288897966844370968e-01	-4.297288752264118994e-01
7.302178326510102568e-01	5.198576542754900220e-01
7.303311418863616122e-01	-1.224894081233274257e-03
7.316594678095225124e-01	-5.555717583198296339e-01
7.317728060405326307e-01	-3.014392023889345129e-01
7.331005752470450831e-01	3.550218124109645323e-01
7.332141802381159090e-01	-2.284888170736336654e-01
7.345421408159762411e-01	4.625020865896525279e-01
7.346557864009694017e-01	-3.496999752456411148e-01
7.359827031351138249e-01	1.686546647806497212e-02
7.360964299079515438e-01	3.818743091360286002e-01
7.374247326345854114e-01	-3.828124039939733159e-01
7.375379722803556692e-01	-2.089202989701113289e-01
7.388661416269591831e-01	-3.881237448796388545e-01
7.389794798579693014e-01	-3.847671827890056795e-01
7.403071620775054651e-01	1.118298963075119445e-01
7.404208018633667843e-01	-3.016803268024458307e-01
7.417488784238622790e-01	-3.354255133294116176e-01
7.418621180696325368e-01	-3.607223297766861680e-01
7.431904613901886281e-01	-1.298248875499601329e-01
7.433030689305977212e-01	-6.322337598454921270e-01
7.446316906094780919e-01	-5.745967559246891732e-01
7.447447910760862655e-01	-3.309925911514106645e-01
7.460732677766728216e-01	-3.035317993769718337e-01
7.461863914398080277e-01	-5.362557346307414985e-01
7.475147231621006583e-01	2.704698916085161997e-01
7.476278932182898185e-01	-4.386996911060856430e-01
7.489558711935454527e-01	-8.161459060644138397e-02
7.490695689707244087e-01	3.011293862183503922e-01
7.503971816006794748e-01	2.009469211601944139e-03
7.505104502421084955e-01	5.534005351799740069e-01
7.518389849340125775e-01	1.008611760232447363e-01
7.519519810162491602e-01	-4.521100598490646050e-02
7.532799067993189990e-01	-1.368767842616713803e-02
7.533935465851803182e-01	-2.851464504603958838e-01
7.547216521413344648e-01	-4.842481139728527229e-02
7.548345322409359959e-01	-3.778880720063060306e-02
7.561626725918807468e-01	2.100915115561057256e-01
7.562760224211544369e-01	-3.079670759491031085e-01
7.576040815842545184e-01	1.756911717941431750e-01
7.577173676230789523e-01	-3.709812289427312226e-01
7.590453282009392844e-01	-4.600799442051507482e-01
7.591591187642262595e-01	-1.671129778493506413e-01
7.604869343637926660e-01	-2.622790242103143488e-01
7.606002667956710539e-01	-1.211971241223742668e-01
7.619282273735313860e-01	-2.427217038349734901e-01
7.620417743732846860e-01	-3.832370563011695541e-01
7.633697001563545248e-01	-5.218090573975029400e-01
7.634829108064660197e-01	1.871960048491991824e-01
7.648112773235491435e-01	1.362222234389451891e-01
7.649249693015963691e-01	-5.331483937724590394e-01
7.662523035732271559e-01	-3.687686727025325517e-01
7.663655780137880180e-01	-1.501400931383333193e-01
7.676939097360806485e-01	6.674519808011325495e-01
7.678071841766415107e-01	-4.487909688948885645e-01
7.691347562126742421e-01	-8.915083394542877571e-02
7.692486105664104734e-01	-5.577944212275152136e-01
7.705760956154670271e-01	5.199463478403454353e-02
7.706898745804904305e-01	-4.290918106292470613e-01
7.720176147913441200e-01	8.566928979799439681e-01
7.721311617910974201e-01	1.207388088488274835e-01
7.734589078010828400e-01	-3.466307640874232154e-01
7.735725939799982243e-01	-1.545086427353513647e-01
7.749006183483079235e-01	-4.757127766861843909e-01
7.750141305532706193e-01	-2.327693927241171190e-01
7.763419287554418347e-01	2.203141760222400158e-01
7.764554757551951347e-01	-2.529426455736952795e-01
7.777838538705418303e-01	1.658187952352296879e-01
7.778969137432276693e-01	-1.053784667777725170e-01
7.792245205740510050e-01	-5.296984311439416615e-01
7.793381313642535613e-01	-5.806016094424044649e-01
7.806663123091206469e-01	-5.193728031875488593e-02
7.807793431861477229e-01	-3.819174471031481222e-01
7.821076227162545580e-01	6.212151560603063061e-02
7.822209957420552806e-01	-3.955934909405013356e-01
7.835489099268615476e-01	6.456721428939582452e-02
7.836627120884119835e-01	-2.642418998241857775e-01
7.849902145348637283e-01	4.516241271431375992e-02
7.851037035432995026e-01	4.658956298954082254e-01
7.864317279116090909e-01	1.226952529470255460e-01
7.865448167799538037e-01	-3.354885651527111934e-01
7.878731137074559410e-01	4.965586004874245063e-02
7.879865157289153155e-01	-6.785323461792922561e-01
7.893141167606069208e-01	5.383178269860180443e-01
7.894279595160796914e-01	-3.682590325096500861e-01
7.907560998670244423e-01	-4.009875227419696930e-01
7.908695482815378819e-01	-3.580492310748629725e-01
7.921969057496957012e-01	-5.684998226267725663e-01
7.923105803303476247e-01	8.004879130360653683e-02
7.936392426031502190e-01	-4.724364936929768000e-01
7.937520821088295264e-01	-1.651010619284681846e-01
7.950799035075277743e-01	-1.557647676129869652e-02
7.951932475376696230e-01	1.028526228897302275e+00
7.965211675216076204e-01	3.481162021534685014e-01
7.966348131066007809e-01	-6.534768264182704289e-01
7.979622459634714282e-01	3.982665198605186418e-01
7.980762974876873805e-01	-3.230778071756367220e-01
7.994045190264766898e-01	-3.657263360919507100e-01
7.995175557026356072e-01	-3.142186814565440800e-01
8.008455394770229718e-01	2.550976808881122437e-02
8.009588719089012487e-01	-2.606090696808250895e-01
8.022874703912545868e-01	-3.550743105303592051e-01
8.023998865603158004e-01	6.268553656090292137e-02
8.037283342652434825e-01	-1.021909616705587442e-01
8.038417246884393963e-01	-1.110526714807702486e-01
8.051696678689045372e-01	-1.626210235453461328e-01
8.052830698903639117e-01	-5.273318038335794711e-02
8.066110768612783088e-01	-7.401969145179205789e-01
8.067244382888154597e-01	-6.478800583124673107e-01
8.081661140412499389e-01	-5.740004894398442747e-02
8.096074012518569285e-01	-6.692831375497488855e-01
8.110485666806970251e-01	-1.670277602666760952e-01
8.124897147121418195e-01	-3.970637239386275441e-01
8.139311005079886696e-01	-4.084057592531965541e-01
8.153725674916799671e-01	-4.527503402040655711e-02
8.168137793135741287e-01	-7.744099632827805557e-02
8.182555652495119292e-01	-1.302493675844149656e-01
8.196968640583824905e-01	-4.007091874163468681e-01
8.211382092603068950e-01	-4.897393955519936393e-01
8.225797922266333551e-01	-3.895553313594766198e-01
8.240211026337673772e-01	-5.902318853756061134e-01
8.254625000278776881e-01	-3.113015297046082264e-01
8.269038858237244272e-01	-3.995927452045134887e-01
8.283452716195711663e-01	2.288802658084561070e-01
8.297865124371240908e-01	-4.357125966211997659e-01
8.312280722069235184e-01	-2.825539754014807503e-01
8.326688606921995861e-01	1.250604428359769482e-01
8.341103682698132182e-01	-1.180058290148530142e-01
8.355524035684165352e-01	-4.830920795578875770e-01
8.369936733816282226e-01	-1.980152047516147151e-01
8.384348736052588125e-01	-2.933067805167069997e-01
8.398763927811360164e-01	-2.016434983794556102e-01
8.413175060177903175e-01	-3.475808482554504364e-01
8.427589845997451867e-01	-2.264548502418705089e-01
8.442001500285852833e-01	-6.350183459077973769e-02
8.456416576061989154e-01	-3.217884605558292144e-01
8.470830665985726871e-01	-4.642704212119572738e-01
8.485243828048384396e-01	4.296977963511803278e-01
8.499660469590094580e-01	-2.626086968128313881e-01
8.514074153574608950e-01	-5.592634770285762613e-01
8.528484706027976703e-01	-4.086983357920964677e-01
8.542897810099316924e-01	-6.409237711569184537e-01
8.557316307363188601e-01	-4.787205439000209450e-01
8.571729875365068363e-01	-9.561812492492238746e-02
8.586141065722928678e-01	1.088815256821247690e+00
8.600553531889776337e-01	-4.332376115718210574e-01
8.614970985309932106e-01	-5.510745209850932413e-01
8.629378638197422458e-01	-3.768468860855115343e-01
8.643798991183454516e-01	-7.368284656081408590e-01
8.658208209836518732e-01	-1.142647541657365595e-01
8.672623923517148725e-01	-1.119102451867429737e-01
8.687038071432203745e-01	-1.966231835780187787e-01
8.701452335329894483e-01	-1.441100878003945818e-01
8.715871644472211743e-01	1.854388228883874223e-01
8.730280167229464983e-01	2.621150082030800910e-01
8.744693909205297766e-01	-6.077901528614116922e-01
8.759108984981434087e-01	-2.237723034361682739e-02
8.773514434198858014e-01	-2.533228209862903313e-02
8.787942326056171760e-01	-3.835064603411375561e-02
8.802351950648459322e-01	-1.550905800553142866e-01
8.816762097162603729e-01	-6.718798620029484692e-01
8.831178448747726284e-01	2.151422037842507518e-01
8.845589813079539621e-01	-3.304897844439312893e-01
8.860008194360775580e-01	1.063648735990609939e+00
8.874419210744683983e-01	-3.418170617269995493e-01
8.888826051753728752e-01	-2.040799517590399237e-01
8.903245998800538574e-01	-2.833777262259200569e-01
8.917659914750324379e-01	6.528805781032247513e-01
8.928881002730029159e-01	-2.411822746191095712e-01
8.932075802404906284e-01	-9.261862680266608194e-02
8.943298746106772557e-01	-1.276170400980224384e-01
8.946489370406786046e-01	-3.317347421207417213e-01
8.957707906768519468e-01	-2.030870291026871666e-01
8.960900734738599382e-01	3.377972946492193707e-01
8.972126056084485102e-01	-5.006982962900092815e-01
8.975315926497371422e-01	-5.905863347255069229e-02
8.986540667930081883e-01	-5.444785996921285287e-01
8.989729552490568487e-01	-2.042609529858530060e-01
9.000953945975374015e-01	-4.616743858497226460e-01
9.004141960666097733e-01	1.509851934251298378e-01
9.015364962359282419e-01	-5.601277693714574735e-01
9.018555934607200841e-01	2.026805679242584812e-01
9.029779690187512697e-01	-2.566542617840569251e-01
9.032972924096815959e-01	-6.912336134223715511e-01
9.044194244041791064e-01	-5.410553680506293706e-01
9.047381620828022220e-01	-2.435474645080608624e-01
9.058602360859822067e-01	-3.754538886997150771e-01
9.061799944117940875e-01	-5.978465989482357745e-01
9.073020278210518486e-01	-1.448300424829929156e-02
9.076211424432389929e-01	-3.538445128547792473e-01
9.087438949448342074e-01	-6.569713215504023873e-01
9.090630443618118450e-01	-3.899820509395678370e-01
9.101848342075359310e-01	7.700805951920732806e-01
9.105039604279865362e-01	-5.167075447106873609e-01
9.116259996363760276e-01	-6.118864253908745665e-01
9.119450272715867722e-01	-3.731159753281291236e-01
9.130673622356957342e-01	-4.335456926574340342e-01
9.133866508318355670e-01	-3.181821029903750819e-01
9.145095309143294049e-01	-4.197662851753271029e-01
9.148284831608274326e-01	-5.551503791947173250e-01
9.159503020022101705e-01	-2.824510711507037808e-01
9.162693238382892957e-01	2.691183850564726754e-02
9.173918153789556440e-01	-7.432923398449329255e-01
9.177108662106934212e-01	-4.183160358151866154e-01
9.188333867470185323e-01	-8.020764218133892287e-01
9.191522230108813973e-01	-1.177482812666752476e-01
9.202745985689126940e-01	-4.000205558452993859e-01
9.205935334180154195e-01	-2.494894958994647860e-01
9.217155146350873851e-01	2.500905918158435881e-03
9.220351047860783078e-01	-6.711643845963886079e-01
9.231575615319541628e-01	-4.583503527798304944e-02
9.234763514027629627e-01	-5.364661944963093898e-01
9.245988545416928828e-01	-6.187373103408984054e-01
9.249177951899273387e-01	-3.651910846848681613e-01
9.260406926698164787e-01	-3.083321218878246617e-01
9.263585488804129131e-01	-2.791353951239955444e-01
9.274815275481466115e-01	-2.893249832238086183e-01
9.278005435850938953e-01	2.107846222184259766e-01
9.289230177283649414e-01	-5.769972043013498197e-01
9.292420163679170342e-01	-3.038507910695309455e-01
9.303642991398400897e-01	-7.233569669389057211e-01
9.306833499715779778e-01	-5.044385671996665099e-01
9.318054587695484559e-01	-2.385915797118538517e-01
9.321252054970968759e-01	-2.446391568694005203e-01
9.327936308205169169e-01	5.050904348950209233e-01
9.332470707315336789e-01	-1.234735361253317398e-01
9.335662781398289534e-01	-5.266384940016280991e-01
9.342350050181001953e-01	1.015157634478843995e+00
9.346882477586373472e-01	-3.773373465798675053e-01
9.350074261712737478e-01	-4.259267009783965774e-01
9.356764488052644602e-01	-9.124256956975973498e-02
9.361300626902339106e-01	-3.944912899419450447e-01
9.364488003688570261e-01	-3.052390796670663153e-01
9.371179099898240272e-01	1.007649529020928192e+00
9.375707583894019592e-01	-3.156424008145312099e-01
9.378900991777274765e-01	-5.102620749450863524e-01
9.385592493926168123e-01	1.244294652090032205e-01
9.390120977921946333e-01	-4.256696126241955591e-01
9.393322098650436214e-01	-1.385506167430734514e-01
9.400002640440312529e-01	-9.472397197355630905e-02
9.404541794838520152e-01	-5.825732709660800257e-01
9.407727199919954097e-01	-2.595231771684411992e-01
9.414418528094894434e-01	6.235403481459309560e-01
9.418955652796987543e-01	-7.846032139935789074e-01
9.422142565652678048e-01	-6.041729708253817943e-01
9.428832965966538193e-01	4.428287692351993154e-01
9.433365741319815756e-01	-1.854257999418575942e-01
9.436556017671923202e-01	-6.847614413818758905e-01
9.443246417985783348e-01	3.278565832362740906e-01
9.447781918930985290e-01	-5.517582140708914284e-01
9.450974051005254228e-01	-7.535696721942923837e-01
9.457662827562223207e-01	3.816758509381015241e-01
9.462197748594248781e-01	-4.372932564464711014e-01
9.465382863719096207e-01	-1.782730357249061592e-01
9.472073611980861285e-01	2.616119717986125082e-01
9.476611084630859327e-01	-4.000767167589489581e-01
9.479796663686246294e-01	-4.300640031324020063e-01
9.486488513783044585e-01	-1.906369355163590740e-01
9.491022390971355360e-01	-3.337745088014605344e-01
9.494214697019577320e-01	-3.890936978371574151e-01
9.500902893663369930e-01	5.852420504918132149e-01
9.505434161242390934e-01	-4.961808456202988493e-01
9.508625481438215399e-01	1.402520702890686977e+00
9.515312808212245121e-01	9.478639968954267747e-01
9.519845351600252359e-01	-6.836757498543566403e-01
9.523041659049384933e-01	-1.910944344928880989e-01
9.529726434205442187e-01	4.499920995136144075e-01
9.534266458473412698e-01	-3.069983863250201894e-01
9.537453661285690831e-01	-6.220439420486905124e-01
9.544143365703740001e-01	-2.002912722090897102e-01
9.548680664379786132e-01	-3.701941722121794287e-01
9.551869722914225758e-01	-2.037366696099637275e-01
9.558554614052918730e-01	-7.314026476706780855e-02
9.563091912728963750e-01	-3.382975870473854396e-01
9.566281899124484678e-01	-5.037672203269917270e-01
9.572970791664088264e-01	2.574811011602804456e-01
9.577498173824833261e-01	-4.332833786967480449e-01
9.580692799525757364e-01	-7.862665934467767404e-01
9.587383431804887834e-01	-6.447781709424249552e-02
9.591920034585122989e-01	-5.548213382589182174e-01
9.595107121414765405e-01	-3.648927082970125912e-01
9.601797289763355225e-01	-9.933855394197776967e-03
9.606332674725922560e-01	-1.206387881679633622e-01
9.609521037364551210e-01	-6.178611311788699823e-01
9.616220194367360863e-01	2.466921187693904560e-01
9.620747924476010793e-01	-6.125604999152860497e-01
9.623944405899096388e-01	-4.032270683782983589e-01
9.630617002878469890e-01	5.768055098070214992e-01
9.635164392043767956e-01	-2.850978121231146911e-01
9.638352116777904044e-01	-7.202769600222358459e-01
9.645038283725583250e-01	5.657644349714268106e-01
9.649573088774974217e-01	-5.688845650822443867e-01
9.652772295789985302e-01	2.857174073916071144e-01
9.659452199675369055e-01	5.903121521154728324e-01
9.663989962281954726e-01	-6.285599862139595873e-01
9.667168118448695724e-01	-5.981296717742430324e-01
9.673868725234443522e-01	5.301414486678801552e-02
9.678401674561672996e-01	-3.503701736333743044e-01
9.681592762792227136e-01	-2.927663609273866152e-01
9.688277943887507737e-01	2.149106692200024593e-01
9.692816344398587081e-01	-6.258959892552995452e-01
9.696002967297689956e-01	-3.102646774992350309e-01
9.702695513290299223e-01	2.151774362495264992e+00
9.707233449870836806e-01	-6.440395820916460234e-01
9.710417521151968323e-01	-5.070330521072298202e-01
9.717111052996975085e-01	2.898841107601202172e-01
9.721644756211332838e-01	-1.455396070073374792e-01
9.724835148546076002e-01	-3.180642684353559568e-01
9.731522475320105725e-01	1.465784567037999864e-01
9.736059136091659294e-01	-3.638663073046091156e-01
9.739241467633262817e-01	-4.833291842741028743e-01
9.745940044722897211e-01	2.597054024742417866e-02
9.750474501824383244e-01	-4.691595790330511662e-01
9.753660428827675144e-01	-3.869386232682913151e-01
9.760352104950520413e-01	3.592559318455559314e-01
9.764889751574471477e-01	-2.923646208947776604e-01
9.768073068968474715e-01	-2.707147035313995920e-01
9.774760917664362392e-01	3.158823643855424024e-01
9.779299666123346668e-01	-1.361882406422291192e-01
9.782489130597008531e-01	-4.032344761061723570e-01
9.789173789770432288e-01	5.692071639600460031e-02
9.793710740498572376e-01	-3.793661452293929370e-01
9.796901596763856190e-01	-4.947202598956829123e-01
9.803595766513355514e-01	5.330344822360411072e-02
9.808129063788491031e-01	-3.693921546500278374e-02
9.811319050184010848e-01	-7.334644957896339079e-01
9.818005681062230705e-01	3.477383506076470177e-01
9.822541066024796930e-01	-5.231345812929741879e-01
9.825731864298763441e-01	-2.283807446406190822e-01
9.832418089237759951e-01	1.485444332270140499e-01
9.836952082408705333e-01	-5.154916437029021248e-01
9.840144794396150640e-01	-3.758285244876998776e-01
9.846833454970483901e-01	5.295919829444106774e-01
9.851374639064804928e-01	-2.791237380018372072e-01
9.854554360997119788e-01	-2.480908135132069425e-01
9.861246559041824122e-01	2.013800894326302604e+00
9.865784147674456772e-01	-7.473775007825848027e-01
9.868972974243626073e-01	-1.385059981030881682e-01
9.875658503286812717e-01	7.389671044847823111e-01
9.880195801962857738e-01	-6.194257122149575689e-01
9.883386136306283598e-01	-3.232261914301052252e-01
9.890072883167138063e-01	1.144199105559162710e+00
9.894609427956055914e-01	-5.192478211290021406e-01
9.897805039509377512e-01	-7.439003477730725677e-01
9.904487958943274384e-01	4.034474808084098640e-02
9.909026301463035313e-01	-2.302417496401611974e-01
9.912212286457645627e-01	-2.946287441088588643e-01
9.918904194545761221e-01	6.559602710017697902e-02
9.923437955751437389e-01	-3.843489045732361165e-01
9.926627420225099252e-01	-7.153796479580556422e-01
9.933316196782068230e-01	-1.222744029976955416e-01
9.937852625588350364e-01	-2.610920650230600382e-01
9.941036000973670905e-01	-6.227243045281578571e-01
9.947728778931549387e-01	5.138701428803944538e-01
9.952263989920163700e-01	-3.557178066431977426e-01
9.955461283221694879e-01	-2.165738600458940732e-01
9.962145188507989246e-01	4.190217100300599462e-01
9.966679877574745605e-01	-5.860743985987502125e-01
9.969868356196009973e-01	-4.578499884180853297e-01
9.976558118605376446e-01	1.588480658815387692e-01
9.981092691689498198e-01	-1.803928518060619046e-01
9.984280184458363960e-01	-7.934513860375400629e-01
9.990971280668033971e-01	1.020585833707328138e+00
9.995507245543776564e-01	-2.236532934993175070e-01
9.998704190897401700e-01	-6.779943958325966857e-01
