5.385479686460100876e-04	4.678817548650455738e-01
9.923590240951310048e-04	9.376810043328953626e-02
1.311009715741905113e-03	-1.295526730285104788e-01
1.979840978384719667e-03	2.644099586125541190e-01
2.432985133682072278e-03	8.836360602478765536e-02
2.752540489882549825e-03	5.612087659956732644e-02
3.421423944711155050e-03	-9.829474925200043511e-02
3.874475313900435213e-03	1.318186708628217296e-01
4.193502949111252258e-03	2.002262285139837505e-01
4.862531382233720167e-03	3.844968769361820637e-01
5.316156865466697273e-03	-4.809259705259971707e-02
5.635955785200864182e-03	-5.318252819702073975e-01
6.304265125985772898e-03	3.197163138673495553e-01
6.757542661313478867e-03	1.354491651987070888e-01
7.077057423591675070e-03	3.385924845829648699e-01
7.745691515754836269e-03	1.040803325722072792e-02
8.199299601592550252e-03	-2.848883590882463901e-01
8.518077874137922403e-03	-1.026846901066778006e-01
9.187077311601617863e-03	4.799288648316202277e-02
9.640383842588097149e-03	-3.005080507896540354e-02
9.959730430045412447e-03	-1.199264134221837974e-01
1.062818474912418341e-02	8.642189692849144844e-01
1.108165365579978807e-02	-4.354225707740284612e-01
1.140004338651760991e-02	-3.959952847945888976e-01
1.206972132239658192e-02	3.494290964547173139e-01
1.252315543428166034e-02	-7.601638062358295755e-02
1.284209028338440493e-02	-2.946963558964039720e-01
1.351097953734476526e-02	-2.170987579197883877e-01
1.396463401623651394e-02	-2.455517542229253003e-01
1.428353407054873229e-02	-1.029282979514977159e-01
1.495249291409014684e-02	1.733943680483609473e-01
1.540556747980644479e-02	4.739667846890283087e-02
1.572416018013567465e-02	-2.623407385812293047e-02
1.639366994119376489e-02	-8.184078296162422550e-02
1.684700546783901576e-02	4.242970741547289482e-01
1.716526181852648381e-02	-2.608219913730410733e-01
1.783524130925669138e-02	-5.776499924347262560e-01
1.828930752650301250e-02	-4.046531750947368611e-01
1.860782483811943347e-02	3.318930397062191950e-02
1.927655751552241961e-02	-3.588264439328525679e-02
1.973000322567100562e-02	-1.430939694328737799e-01
2.004915264264866756e-02	-1.634968451359328778e-01
2.071789691831516650e-02	1.575317351155234302e-01
2.117076851442005470e-02	2.155061524819412710e-01
2.149013249927263572e-02	-5.116102992854784093e-01
2.215914353499983877e-02	-5.555588397826516367e-02
2.261234568161473585e-02	-4.309441361511968660e-01
2.293200542218679430e-02	1.003755101309382614e-01
2.360038435255275985e-02	-3.259125951083950978e-01
2.405409682276205344e-02	8.753712256649004431e-03
2.437303167186479630e-02	-2.138373625914727905e-01
2.504189193016638504e-02	2.241787500860481508e-02
2.549542462729129100e-02	-3.906290376926622177e-01
2.581475961648509523e-02	3.037831858988770950e-01
2.648312694858755145e-02	6.141362887709478358e-02
2.693755271200264784e-02	-4.082280483475307920e-01
2.725591924619345102e-02	3.834935725901740255e-01
2.792480850015381308e-02	-7.185067397804190126e-02
2.837832959901520624e-02	-1.521538314256543067e-01
2.869732243943549574e-02	7.266371163169171865e-02
2.936628708210866495e-02	1.667284624700680062e-01
2.981976758704777894e-02	-1.567725061725946389e-01
3.013893440142070487e-02	-5.547851963532899333e-01
3.080792224062089274e-02	2.512533851155054343e-01
3.126092141762438353e-02	3.383207120612041763e-02
3.158165399757102698e-02	-1.483981375668153024e-02
3.224916305817381035e-02	3.847627332142384837e-01
3.270249278568730655e-02	2.513406289716799691e-01
3.302131165215495961e-02	2.173837702576648656e-01
3.369042707225374661e-02	-1.288765956387561973e-01
3.414380319282128012e-02	5.357755570352007446e-02
3.446146223293803518e-02	-2.292814000023492005e-01
3.513158090283034773e-02	-1.632272391219377061e-01
3.558531077043490531e-02	-4.761194340085272980e-02
3.590367730462570850e-02	-1.211953865594513902e-01
3.657300149346765644e-02	-2.209056148359922478e-01
3.702663277583238821e-02	2.632747885527004783e-01
3.734557342406688574e-02	-3.314721202597659122e-02
3.801454386587180961e-02	2.303196092991199873e-01
3.846802437081092707e-02	-4.870588094831990178e-01
3.878722597997438098e-02	-2.856696165710822521e-01
3.945606304174894413e-02	-4.122833044314777595e-02
3.990935797447191929e-02	6.040657479515965100e-02
4.022871616019273872e-02	5.540892673599917551e-02
4.089695591139659581e-02	2.254264538814640950e-01
4.135069737726466271e-02	-5.163749325038342608e-01
4.167006716124899840e-02	-1.963091594502475168e-01
4.233867805688514008e-02	1.222612189109708591e-01
4.279233833490864169e-02	2.582131450001974304e-01
4.311066427517716571e-02	-4.891220704356896709e-01
4.377969270829963622e-02	6.663551531112004156e-01
4.423335878545488903e-02	-2.523903976367959379e-01
4.455222404497657940e-02	3.016155885438911444e-01
4.522133946507536639e-02	-5.936753221739254904e-03
4.567418206552148474e-02	-3.053635421993241561e-01
4.599446231319127831e-02	2.359310474740405894e-02
4.666270786352688660e-02	5.311920464722861279e-01
4.711622316325652510e-02	4.351026882093878001e-01
4.743523920020383672e-02	2.345346874678544413e-01
4.810412845416419531e-02	-2.959320813750148105e-01
4.855757996344453598e-02	-1.459476434734505723e-01
4.887620165943253742e-02	-6.218110492162276515e-02
4.954558383959203199e-02	8.124278664814739148e-01
4.999954567246676918e-02	-9.719320182439739053e-02
5.031781362141774655e-02	2.459245103817682132e-01
5.098701602849285003e-02	6.639889447426592373e-01
5.144056612301301651e-02	-2.761409750903606186e-01
5.175901964418013618e-02	-3.010849060064283433e-01
5.242817565820120235e-02	6.026191414837152038e-01
5.288177794490716427e-02	-1.715364664753821211e-01
5.320007488951691149e-02	-1.353742630645976552e-01
5.386982821410869759e-02	-8.109952266213482641e-02
5.432318693728096365e-02	-4.113096229993851161e-02
5.464263790910985769e-02	-2.977687020378082527e-01
5.531104583513459655e-02	6.985911330117311469e-01
5.576464232270880034e-02	-3.251935832421423145e-01
5.675243743011312847e-02	-1.108899872790202190e-01
5.720613250292716501e-02	-3.474770765096761860e-01
5.819366085027078556e-02	-1.097633582780277450e-02
5.864707176562884705e-02	9.543073334852558709e-02
5.963518582527967821e-02	6.254263271084692377e-03
6.008885770156668915e-02	-3.137977607507266287e-01
6.107651942894067043e-02	2.430230897035714488e-01
6.153034788178505382e-02	-1.496070107760639756e-01
6.251791102391920929e-02	1.836687695116983043e-01
6.297147851583463629e-02	-2.947122297785447209e-01
6.395940120413756702e-02	9.480002776362983496e-02
6.441300928997528707e-02	-7.255356197975815213e-02
6.540072900866680805e-02	-3.428107801163137180e-01
6.585397174920398777e-02	1.441415530694913905e-01
6.684215539843586795e-02	-3.379704334797950516e-01
6.729550252334462468e-02	-2.060842835733420753e-01
6.828339621598879250e-02	2.946449544249769570e-01
6.873707969053931277e-02	-2.164486786992093625e-01
6.972495598578820619e-02	3.117025865440892218e-02
7.017858146902118677e-02	-3.458620652408620488e-01
7.116649255906060123e-02	1.163137627385399941e-01
7.161960191956742716e-02	1.298496845213910067e-01
7.260769278269124660e-02	2.810095396485514652e-01
7.306115589023509660e-02	-1.111893411981293989e-01
7.404893939937591540e-02	-1.085339031975137702e-01
7.450268086524397537e-02	-2.576833998967192896e-01
7.549044117785778940e-02	5.350256098474526212e-02
7.594389268713812313e-02	-3.141391742079484573e-01
7.693185596936334691e-02	5.233383495397994079e-01
7.738526688472140147e-02	2.325792001758031358e-01
7.837307938952099706e-02	-3.751065474668691113e-02
7.882683825278433143e-02	-1.014419026253824407e-01
7.981430860881040534e-02	3.604124479928720870e-01
8.026762093892864103e-02	-2.002600062264987546e-01
8.125586257947807478e-02	2.341228414705831540e-01
8.170969683145420936e-02	7.327841834324844150e-02
8.269714979008502276e-02	2.004232146419653304e-01
8.315089125595309660e-02	-2.722185013160457467e-01
8.413873275641145510e-02	-2.826972216546597139e-03
8.459221326135057950e-02	-1.512745183480205258e-01
8.558030992360614320e-02	7.606592620936662996e-01
8.603337869019068995e-02	-4.814498912675269082e-04
8.702168412118940766e-02	1.556536173750080465e-01
8.747495585738536417e-02	-4.840364910687774413e-01
8.846275096478969924e-02	3.424174652228728633e-01
8.891634165323214489e-02	1.033033039519040130e-01
8.990409616671420079e-02	2.961845960014222179e-01
9.035832475964963861e-02	1.728311577103625041e-01
9.134561534259133531e-02	1.618498060313753317e-01
9.179880589094271959e-02	-1.634169132648388700e-01
9.278702433496513469e-02	4.035136210920864386e-02
9.324024387897529575e-02	-2.871633238822781653e-01
9.422823615685928245e-02	7.346405943619573886e-01
9.468207040883541703e-02	-7.105691737541020014e-02
9.566938998743587663e-02	-2.205857623604179363e-01
9.612318364548974592e-02	8.499321837185291884e-02
9.711128610687705387e-02	5.248992396198977062e-01
9.756463323178582447e-02	-3.864412076050827149e-01
9.855249212963945737e-02	-3.157353118058708885e-01
9.900599583110558655e-02	-2.474443709424037907e-01
9.999359376803027000e-02	-4.672733278024530090e-01
1.004474918104557024e-01	-2.892206165050662525e-01
1.014357508484003967e-01	3.923556985077851778e-01
1.018884078766303658e-01	-9.743355989807045425e-02
1.028766959102338369e-01	-1.698739585513440176e-01
1.033297820742136441e-01	-2.406653899873600899e-02
1.043180643086853571e-01	-1.355764363272946582e-01
1.047718231719486776e-01	5.273948972121234036e-02
1.057595428906402124e-01	2.256704366998780742e-01
1.062130639895016021e-01	4.077426982749932094e-02
1.072006851229533042e-01	-4.046822355482619926e-01
1.076538466756459117e-01	3.281834675994270700e-01
1.086420999144588478e-01	3.503986115198753915e-02
1.087556005211581106e-01	1.475064411097162242e-01
1.090956152141884933e-01	-1.918657848584429670e-01
1.100836538851265173e-01	4.799645289804379544e-01
1.101969921161366495e-01	-1.864408543890752057e-01
1.105370590013528276e-01	-1.419283015207183363e-01
1.115250512792368004e-01	-3.876026883121065358e-01
1.116380937545274621e-01	-7.147407549859474685e-02
1.119785143867806643e-01	4.527982754028769818e-02
1.129665008655328928e-01	-1.000102951013737140e-02
1.130795839347458198e-01	9.944682553011086057e-02
1.134194536494823463e-01	9.787456125099835980e-02
1.144077822770080827e-01	8.499171847747755137e-02
1.145210103245148797e-01	3.809883740095039162e-01
1.148613207732647468e-01	2.847401102766000669e-02
1.158490752867468027e-01	4.315253984664324527e-02
1.159623555264393813e-01	-1.584802609102935467e-01
1.163025093986318759e-01	3.130149941226467725e-02
1.172906698513367374e-01	2.522035682023815450e-01
1.174039384927658136e-01	6.440616813860411405e-02
1.177438546005563774e-01	1.494485543435859487e-01
1.187318990706261596e-01	9.237244871689154202e-02
1.188452720964268128e-01	2.704100360793253444e-01
1.191853447807747352e-01	-3.264065603227248591e-01
1.201731456873108284e-01	6.334217223260645291e-01
1.202864549226621838e-01	-2.378194237436555003e-01
1.206269161488376651e-01	-3.192959360620977183e-01
1.216145778762116464e-01	3.228208452422409724e-01
1.217278291202454621e-01	1.466546260956329562e-01
1.220676756384549561e-01	-5.125536078564667530e-01
1.230559868685854458e-01	1.657301577719783037e-01
1.231694642787576760e-01	3.439503156172274423e-02
1.235091194256192904e-01	-3.908177119059796922e-01
1.244974480531450406e-01	2.408177450068023084e-01
1.246106297075977865e-01	-7.594538562314279151e-02
1.249511953181448587e-01	-1.763217544892003996e-01
1.259386134819851510e-01	-1.719345009452789563e-01
1.260522010756607303e-01	-1.597108617497879912e-01
1.263923781443802297e-01	1.424452975220047435e-01
1.273801674526528205e-01	-1.270572862568799533e-01
1.274935636749804924e-01	4.297183173837570980e-01
1.278338625254668293e-01	-3.150918571187837358e-01
1.288214488641279964e-01	-1.350525982166530525e-01
1.289348682829827009e-01	-1.121342746546911684e-01
1.292750337534387117e-01	1.286542270467205817e-02
1.302628868521605865e-01	2.999069588678067166e-01
1.303763236684105375e-01	1.550134124590678564e-01
1.307156076708398673e-01	2.614556666576213217e-01
1.317041160714499948e-01	2.459416341758884350e-01
1.318175586868317040e-01	1.087656692850602624e-01
1.321578691355815571e-01	-1.503761232744993404e-02
1.331456584438541479e-01	-2.575389100718799007e-01
1.332590024739960244e-01	1.103103105094240810e-01
1.335988547913372904e-01	-2.135845053980041097e-01
1.345869050605388306e-01	4.955345575188558893e-01
1.347005854403224567e-01	-7.215071534873995773e-02
1.350405363429035555e-01	-1.415317461069987015e-02
1.360285054242605096e-01	-1.299121470109687593e-04
1.361417218735037904e-01	-6.422252366227021447e-02
1.364813422255748698e-01	1.587973959860451423e-01
1.374698564253167832e-01	-2.527906194526571282e-01
1.375833396346207715e-01	-2.714056210601264452e-01
1.379233427293876380e-01	-6.490937737710825717e-01
1.389118453308660350e-01	-2.960058678392107900e-02
1.390245920504371846e-01	8.524334242382660687e-01
1.393645545512817996e-01	-5.689061081903832306e-01
1.403527845935677032e-01	-2.294808234586910300e-01
1.404663837855067987e-01	-4.300367000540225026e-01
1.408070073873713968e-01	-3.067865669880749380e-01
1.417939326250125531e-01	-1.450442695902098844e-01
1.419073404456037413e-01	-4.030341016119891595e-01
1.422475175143232407e-01	-1.156065301339617157e-01
1.432352952243323152e-01	-1.105486363173973086e-01
1.433487494379775407e-01	-1.035023825237184614e-01
1.436887583318761652e-01	-4.296312911034460003e-01
1.446768201993412217e-01	-6.822030463335471140e-02
1.447902744129864194e-01	-1.954041606814332921e-01
1.451309038139828034e-01	-3.308708709401871895e-01
1.461180088247083508e-01	7.880777895851021064e-02
1.462320197550019962e-01	-3.668135273117585360e-01
1.465710427965023488e-01	-1.448918428243002321e-01
1.475597831623826628e-01	-9.526077540836930257e-02
1.476729068255178967e-01	-1.650136133231520086e-01
1.480129737107340471e-01	-3.962291433259680362e-01
1.490007456216113635e-01	3.943865554922052485e-01
1.491142230317836215e-01	-2.221410694940084696e-02
1.494551191928406852e-01	-4.429406663399984012e-01
1.504422358018297490e-01	-4.945093889640728158e-02
1.505556610198161838e-01	-6.259201556872915351e-01
1.508952697736237469e-01	-7.604881583945299894e-02
1.518835636063589623e-01	6.776443164533563213e-02
1.519967510599434801e-01	1.632092103003652817e-01
1.523373108713587942e-01	-5.652387414511005348e-01
1.533250421883138315e-01	-1.253710300052299775e-01
1.534382238427665912e-01	-1.721725466817899397e-01
1.537786386758880353e-01	-9.000770783619360671e-02
1.547665381676639473e-01	1.733891184180467171e-01
1.548798879969375819e-01	-1.434538815873934725e-01
1.552191893967621583e-01	-3.000695400098172261e-01
1.562078601730614302e-01	-2.729127024295038284e-01
1.563209606396696316e-01	7.558628498632296022e-01
1.566609985292270191e-01	-1.436758034593678124e-01
1.576493387550162717e-01	-2.901994850718735419e-01
1.577626711868946596e-01	-4.747274486372798918e-03
1.581028540547459171e-01	-1.442487006152077811e-01
1.590906143673597173e-01	3.280532267711546712e-01
1.592037728252854722e-01	2.748197255432800468e-01
1.595440194835860415e-01	3.029694515427694412e-02
1.605320523553923073e-01	1.985244733537867567e-01
1.606453325950848721e-01	2.836591030628630161e-01
1.609853124933247337e-01	-7.969768388143805282e-02
1.619742152348941922e-01	-1.857816508110451403e-01
1.620870315440464116e-01	2.562785312382049874e-01
1.624271100275261059e-01	-1.040785294507053926e-01
1.634148993357986690e-01	-1.258953055850643432e-01
1.635280693919879125e-01	5.664558964859467416e-02
1.638680492902277741e-01	-1.682503228898709624e-01
1.648559719785307187e-01	2.051551314142556759e-01
1.649694783843617119e-01	1.739575783863591685e-01
1.653096206582907179e-01	-1.471896185119593303e-01
1.662971258091073268e-01	1.247355446657456568e-01
1.664111425385327303e-01	-7.223127217582370196e-02
1.667508034845260889e-01	-1.361271267072983182e-02
1.677388421554641129e-01	-1.041687106000319663e-01
1.678521455916837102e-01	9.478390389909341351e-02
1.681920269046837391e-01	-4.392956105295510172e-01
1.691802975408919496e-01	2.959177397937822196e-01
1.692935603831892677e-01	9.542798354217052470e-02
1.696327052064564578e-01	-9.293775149872263164e-02
1.706214745679955624e-01	-2.972493011146941644e-01
1.707351897425697373e-01	1.361277424124205382e-01
1.710751116494920454e-01	1.454813337204021728e-01
1.720632083117476230e-01	1.871221513200771458e-01
1.721762565861700012e-01	5.549027517337024040e-01
1.725166946158184778e-01	-3.826966588010608517e-01
1.735042635570843983e-01	3.371763343101019661e-01
1.736178163559694287e-01	-2.812094306631525154e-01
1.739580920099287609e-01	-2.307716700556012857e-01
1.749456725494581977e-01	-2.011198831728502334e-01
1.750591615578939442e-01	4.397410699082038299e-02
1.753990718665527360e-01	-1.315900295552242527e-01
1.763872729131798767e-01	-1.848920259595797644e-01
1.765003907771833525e-01	4.361783624590136466e-01
1.768414319165342863e-01	-9.546369861825387826e-02
1.778286645081584294e-01	2.401566665608028117e-01
1.779419099530604731e-01	-4.933738439306256662e-02
1.782813273355201567e-01	-3.606403995314145794e-01
1.792696385656506186e-01	3.226446076531204188e-01
1.793834059324105890e-01	-3.873208956563104488e-01
1.797229740922958729e-01	-2.962969931774528387e-01
1.807113201172168837e-01	-1.173521572046417605e-01
1.808247743308621092e-01	8.992074636894731299e-02
1.811650847796119901e-01	2.121757620123529975e-01
1.821530248653101813e-01	3.238872701432178314e-01
1.822663804937155740e-01	6.952605758936103442e-02
1.826060530379724489e-01	-3.903113100674532321e-01
1.835947470107987256e-01	9.494026788773868297e-02
1.837074995295016333e-01	-1.281036500705846626e-01
1.840477519869339607e-01	-4.436621780302103524e-01
1.850351469542472205e-01	9.360827835420082454e-01
1.851488215348991162e-01	4.246399250107275591e-01
1.854897350933514544e-01	-2.173634892770631710e-01
1.864771648554552630e-01	-2.128214341344710769e-01
1.865899057758946822e-01	2.937271440583719695e-01
1.869299668619791022e-01	1.047184126377831426e-02
1.879180925198934426e-01	-4.399298991258016045e-03
1.880315757291974310e-01	3.130299930664026675e-02
1.883714918369879809e-01	-2.073318207201599872e-01
1.893595305079260049e-01	7.978983480086543345e-02
1.894728107476185974e-01	4.581436906321454394e-01
1.898132487772670463e-01	-2.309372833928955426e-01
1.908009221029045299e-01	4.795141856941955716e-01
1.909143763165497554e-01	1.011685792819809748e-01
1.912536313233202945e-01	-8.833813790947087075e-02
1.922424992700992319e-01	-2.880190136234979104e-01
1.923557911080553129e-01	-6.171903322498284439e-04
1.926955912332107834e-01	4.143100274554967211e-01
1.936838560702872358e-01	2.341865869815418222e-01
1.937974088691722663e-01	5.621647403350564787e-01
1.941377831083714312e-01	-9.901894825296853053e-02
1.951248881190969786e-01	-3.338013312337106964e-02
1.952386264901981860e-01	5.886286267138911565e-01
1.955786701788873316e-01	-1.723894689058457219e-01
1.965664652862916806e-01	1.314931937833394571e-01
1.966798673077510828e-01	8.713840064500377736e-03
1.970208446566527327e-01	8.445200648469519678e-02
1.980080018595640756e-01	3.225104920977115430e-01
1.981211429200945284e-01	-3.181440796773166158e-01
1.984606066956082493e-01	3.510454409693086752e-02
1.994489991135832974e-01	-2.012231259023634644e-01
1.995626388994446720e-01	-4.064862126701895839e-02
1.999027521777148597e-01	-1.310860650450580422e-01
2.008905240885921761e-01	3.478439580822152433e-01
2.010040188961596808e-01	-2.962510589122032689e-01
2.013443699388318409e-01	1.382135955239420788e-01
2.023321418497091573e-01	-4.557774498570718036e-01
2.024455380720368292e-01	-3.097836475901094566e-02
2.027857093416245704e-01	-5.043724443949315628e-02
2.037736030342687521e-01	1.061826011880622200e-01
2.038867962869850003e-01	-1.538429624748572921e-01
2.042270429452855696e-01	-2.299953497250847301e-01
2.052150468214330725e-01	8.150914289099568943e-01
2.053281878819635531e-01	-2.381710239835111986e-01
2.056681387845446241e-01	-1.731349789060657729e-01
2.066562238485366854e-01	4.661520016765061669e-01
2.067695562804150733e-01	2.018796120805708139e-01
2.071106728084788073e-01	-3.558727352765084229e-01
2.080978010157313596e-01	8.892656638039020400e-02
2.082106521196741278e-01	6.686966132225458104e-01
2.085492866193469352e-01	-5.189755306163457149e-01
2.095389026541221722e-01	-4.856818856082956160e-02
2.096523742651626721e-01	-4.315307198432132285e-01
2.099923715607977803e-01	-1.763803753610426739e-01
2.109801318734115805e-01	2.257301824925017630e-01
2.110938760436445183e-01	-2.090353882527271612e-01
2.114332934261042019e-01	6.883718944000749573e-03
2.124216046562346916e-01	4.757314520791977586e-01
2.125348964941907726e-01	6.212891184560698221e-03
2.128747314141367641e-01	4.281743844491803230e-02
2.138636109591791901e-01	1.572566294888182448e-01
2.139763344822233626e-01	1.023683697911790258e-01
2.143175379972634131e-01	-6.254328462542532163e-01
2.153045328244856116e-01	1.872519755173551737e-02
2.154180102346578696e-01	8.173507281468439523e-02
2.157576131893336746e-01	7.709164981054827948e-02
2.167458432316196060e-01	3.312015050653183135e-01
2.168592162574202453e-01	3.423433454424837930e-01
2.171990685747615113e-01	-2.501121205760181709e-01
2.181871594378853307e-01	-8.813113164745423056e-03
2.183005962541352818e-01	6.346038890763503471e-01
2.186406631393514599e-01	4.697052514520534405e-01
2.196283248667254273e-01	-3.624524594238093256e-01
2.197417790803706528e-01	1.546966847634423381e-01
2.200811848645668201e-01	4.011294139910392964e-02
2.210697802521532640e-01	-1.285376611672950364e-02
2.211832808588525268e-01	2.056275981425366162e-01
2.215237652815550129e-01	2.744636256202979130e-01
2.225117285637802367e-01	1.664338582164812674e-01
2.226246724538310517e-01	1.049419802202315566e+00
2.229644087885372383e-01	-1.446273614494212323e-01
2.239526620273501745e-01	7.126343524096934168e-02
2.240662322236304793e-01	-1.068872691556164156e-01
2.244053828460294553e-01	5.604994826046632017e-01
2.253941406093050159e-01	5.650634945406962650e-02
2.255075774255549670e-01	-2.198518557034101484e-02
2.258470180045416553e-01	2.131800662879448360e-01
2.268356075929963689e-01	1.169298443532522658e-01
2.269490038153240408e-01	2.158447536372094522e-01
2.272889663161686280e-01	-3.658015360774923286e-01
2.282769411966573680e-01	-4.495602001838489015e-01
2.283905055938059148e-01	1.534631049733947705e-02
2.287305318850998137e-01	-5.789821902799618947e-02
2.297182516037913347e-01	1.019636482921912890e-01
2.298316072321967274e-01	2.058434579414096799e-01
2.301714943443285144e-01	2.664620224432279194e-02
2.311596547970333759e-01	1.832447993682251308e-01
2.312734047663980719e-01	1.888985262254549991e-01
2.316148692423670996e-01	-5.217840515866603024e-01
2.326007448371606723e-01	2.506829252880256043e-01
2.327145585969746799e-01	1.547369319291846956e-01
2.330553213780013899e-01	-1.715435909736656717e-01
2.340421654277979879e-01	-1.651227306389693172e-01
2.341554456674905804e-01	5.154750282850697474e-01
2.344963534268111605e-01	-1.172536016450519414e-01
2.354835106297225034e-01	5.431775357782675506e-02
2.355972432016919249e-01	-1.232661157360198656e-01
2.359374666634654616e-01	-5.311136862420351434e-02
2.369248500325152329e-01	1.803706267711833178e-01
2.370385884036164126e-01	1.046837067421511058e-01
2.373783537339813621e-01	-3.041178799204757865e-01
2.383667809467469312e-01	5.717119430086750054e-01
2.384798292211693371e-01	-1.593223891065349562e-01
2.398077724016344225e-01	2.157110130553943073e-01
2.399213425979147274e-01	6.268929320919314208e-01
2.412493205731703338e-01	4.190770667544134742e-01
2.413626472059169359e-01	3.540060241415396991e-01
2.426908339499156964e-01	1.488690951498532478e-01
2.428042359713751264e-01	-9.890795606918179050e-02
2.441319819813605463e-01	2.542519239545153464e-01
2.442454014002152507e-01	1.676928945535112181e-01
2.455734431659201411e-01	2.298545170515187142e-01
2.456868393882478130e-01	-1.829692863613934239e-01
2.470146491886825446e-01	-2.320815778102001126e-01
2.471282541797533705e-01	-1.743183955683310637e-01
2.484563365393805401e-01	2.057049676940725380e-01
2.485696747703906861e-01	2.813508906101744866e-01
2.498978093222036512e-01	-3.877257421464960219e-01
2.500108401992308105e-01	4.385110731865016209e-01
2.513389921484390221e-01	1.600384335905691291e-01
2.514523999690301825e-01	-5.333235306219308303e-02
2.527803199529682354e-01	2.449225809389377062e-01
2.528937567692182142e-01	1.666607172407748028e-01
2.542217115479468159e-01	3.977202790667377919e-02
2.543350555780886646e-01	-1.117393024691442083e-01
2.556632655186144576e-01	1.326532370915867176e-01
2.557766385444151247e-01	-3.981135106263814505e-01
2.571044483448498563e-01	4.316866787691981955e-01
2.572181461220287568e-01	-3.394746817090199542e-02
2.585461009007573030e-01	-3.225192090750360618e-01
2.586592593586830580e-01	2.522578143822951091e-01
2.599870865565130362e-01	-1.352891440587884464e-01
2.601008481241412484e-01	-3.569878234108903037e-02
2.614287217150252918e-01	1.483728384365590180e-02
2.615419323651367867e-01	4.530176766126938759e-01
2.628698755456018721e-01	-4.306469695780519302e-01
2.629834109470916559e-01	-2.941878292075122969e-01
2.643113599266884717e-01	1.624092666334346902e-01
2.644249475203640509e-01	-3.192383983776525547e-03
2.657530646747817693e-01	1.536102612707921367e-01
2.658663855083966410e-01	2.939185055824455883e-01
2.671946012480541643e-01	2.062837602744149734e-02
2.673076379242130818e-01	4.695375132643939686e-01
2.686357550786307447e-01	3.829576103333305337e-01
2.687490585148503697e-01	-1.357840258689047008e-02
2.700769437039978738e-01	-2.372391521071359755e-01
2.701903689219843363e-01	2.591737023565039433e-01
2.715182657093953567e-01	3.897046351990980373e-01
2.716317837134898938e-01	4.464431396001082852e-01
2.729597500904819563e-01	-2.623495088032846700e-01
2.730729781379887533e-01	1.403206971391164348e-01
2.744009329167173550e-01	-2.159824615308264528e-01
2.745145205103929342e-01	9.723910600058038867e-02
2.758424810882532663e-01	1.524763411229181909e-01
2.759560048914795338e-01	-4.375147359410468395e-01
2.772837856962555025e-01	4.127629697409718190e-02
2.773972515081641887e-01	-1.199378501167968070e-01
2.787251714921022416e-01	1.977084058223197438e-01
2.788385039239806296e-01	-1.115866882164376905e-01
2.801665340914220037e-01	2.435089304900337481e-01
2.802799883050672292e-01	-2.727918359410785865e-01
2.816083838178091714e-01	4.508543289584383551e-01
2.817215016818126472e-01	1.583969241877882794e-01
2.830488359534434895e-01	4.607408827345127467e-01
2.831629164733182047e-01	1.793080765973431578e-01
2.844908248589927413e-01	2.031702711906842040e-01
2.846042964700332134e-01	-1.528525947178379640e-01
2.847182784046680681e-01	-1.925278007384271239e-01
2.859322976418158246e-01	-2.102849252587123408e-01
2.860455604841131705e-01	2.633477834123079120e-01
2.861593104534778664e-01	-1.073753597836419882e-01
2.873736486428720704e-01	2.328064341736904019e-01
2.874869172843011467e-01	7.233811372675136298e-01
2.876009630093853131e-01	-1.665673164093677272e-01
2.888149938447965859e-01	-6.102024917058879172e-02
2.889285234471545838e-01	2.231541139025894349e-01
2.890423372069685914e-01	1.154556981645591396e-01
2.902562230640859942e-01	-8.083566624324578509e-02
2.903700774178222810e-01	1.815555433278241981e-01
2.904839781646125774e-01	5.993935769718117257e-02
2.916984207383784278e-01	1.097341010868382316e-01
2.918110630735780142e-01	2.082994517234704190e-03
2.919248420386014731e-01	2.069125076575437649e-01
2.931393310054213330e-01	-3.505892323476299532e-01
2.932521183189147895e-01	3.780660798012480672e-01
2.933667149615156178e-01	-2.784031282866016310e-01
2.945809139717477376e-01	-2.129970467676018941e-01
2.946938520626667946e-01	4.503278660326397453e-01
2.948077992025111560e-01	-5.158985077146183151e-02
2.960222649728039834e-01	1.812340659666764608e-01
2.961349826967163978e-01	-1.928825882538305336e-01
2.962488428495844150e-01	-1.145871644190159522e-01
2.974632796242184796e-01	3.153728697383253454e-01
2.975766062569651371e-01	-7.052001768458215913e-02
2.976904954054919172e-01	4.200464984857747996e-01
2.989045436382984366e-01	6.984253530258399678e-02
2.990180732406564901e-01	1.383310872500225219e-01
2.991323509310108153e-01	-3.670989863696960676e-02
3.003460280193850362e-01	6.132850987128546372e-02
3.004594358399762521e-01	-1.790662487183609652e-01
3.005733539841617952e-01	-1.955991886076480224e-02
3.017872166447521654e-01	2.131004468948456410e-01
3.019007172514514559e-01	-2.143741997867020244e-01
3.020150297365963299e-01	-3.424549301757275899e-01
3.032285038553591550e-01	3.183461603553481289e-01
3.033419174750820457e-01	2.472808732046072322e-02
3.034560037940885469e-01	2.134857947581498827e-01
3.046701564112666016e-01	7.440683887841248456e-02
3.047833496639829054e-01	2.000024942696390085e-01
3.048975577647561885e-01	-5.093000139924308556e-03
3.061114900149276008e-01	-2.667542611149200660e-01
3.062246948659073653e-01	2.962242182111749500e-01
3.063389493597347135e-01	2.354677467606101082e-01
3.075529569986189538e-01	-2.576339658779268627e-01
3.076663474218148675e-01	-9.741672774374765531e-03
3.077802133738146706e-01	1.364007231887605087e-01
3.089942848031481670e-01	3.215915568103249189e-01
3.091076926237393829e-01	1.541919703060883329e-01
3.092218949253809357e-01	1.117925811260067626e-01
3.104358967651333900e-01	1.318471688559561539e-01
3.105489798343463170e-01	7.637194215932692209e-01
3.106629501707177110e-01	-6.272098148678212359e-01
3.118767664382540161e-01	4.582795560643257993e-01
3.119904352197741537e-01	-1.099214929816434427e-01
3.121044751457265898e-01	9.942895178880295504e-02
3.133183204089217133e-01	5.966501868252356289e-01
3.134317920199621854e-01	9.322726351972576708e-02
3.135459943216037382e-01	4.198227642414300576e-01
3.147599555674339133e-01	-2.929073360418343874e-02
3.148732010123359570e-01	-6.123154679073650186e-02
3.149873221261329514e-01	1.504962305648691601e-01
3.162009760179801399e-01	8.595723382430309201e-03
3.163146737951590959e-01	1.904801648444143236e-01
3.164291602542566029e-01	-3.285023293962852087e-02
3.176427271591275026e-01	-1.857139055817520479e-01
3.177561929710361888e-01	3.637284644746952011e-01
3.178700125299819823e-01	-8.661357185564677597e-02
3.190838461949135341e-01	-2.192034847022015231e-01
3.191977005486498209e-01	-3.369359438298964449e-01
3.193114215223557539e-01	-1.576974826948829289e-02
3.205250580168076957e-01	1.754260999711665381e-01
3.206388833748852196e-01	-2.629979006426913513e-01
3.207527667242802694e-01	-5.251272328158418379e-02
3.219661074630127406e-01	1.225646558822113263e-02
3.220800777993840791e-01	-1.126552379677796534e-01
3.221941119262047848e-01	-3.120223232793334356e-01
3.234083109364369046e-01	2.592062000679729028e-01
3.235212200316971987e-01	1.111250031377135628e-01
3.236353179489671605e-01	-2.001489515471132075e-01
3.248496387409661179e-01	4.133734684091980860e-01
3.249631161511383759e-01	1.135515822548682774e-01
3.250767501378679647e-01	4.032695549398752632e-01
3.262907751741474516e-01	-2.400845767286475807e-01
3.264043221739007516e-01	2.441306367086764073e-01
3.265180373484749543e-01	-2.757273167207189291e-01
3.277319232055923015e-01	-1.054345589573506548e-01
3.278456731749569975e-01	-9.336634631652029892e-02
3.279597420965681964e-01	3.821306685676408854e-01
3.291736685476078783e-01	-4.019359081085327468e-02
3.292870473725402758e-01	4.894900665194090728e-02
3.294009771149893906e-01	3.162011864071927469e-01
3.306151007365086825e-01	-3.402611471647695174e-01
3.307280620239547719e-01	6.738308350036614769e-02
3.308423455134408830e-01	-1.678137911310029207e-01
3.320566431089128634e-01	-1.675237490561415354e-01
3.321696855842035112e-01	-4.250487388127154320e-01
3.322837950997369894e-01	1.762246687349195984e-01
3.334977157516448854e-01	1.686774502198256087e-01
3.336111467687630783e-01	3.331953646551426562e-01
3.337253838651951798e-01	-2.434015931400544952e-01
3.349386608134783394e-01	1.356445264411152429e-01
3.350525557611369054e-01	-1.252539757483424054e-01
3.351669378358628215e-01	-1.678446639568984544e-01
3.363811020513044481e-01	6.867836728480392061e-02
3.364937443865040345e-01	4.522456059829078612e-01
3.366080336751218760e-01	5.245200996590915210e-02
3.378220065192155674e-01	-3.704948930652125494e-01
3.379354317372020300e-01	-1.068153367211915894e-01
3.380492918900700472e-01	3.825565135790838234e-01
3.392632763324272549e-01	1.217884605428931621e-02
3.393770436991872530e-01	1.248045398070183332e-01
3.394908226642107119e-01	3.872113107822339195e-01
3.407046215343517703e-01	1.388575501758211317e-01
3.408181221410510053e-01	5.484422066936542883e-01
3.409321504687399251e-01	1.270093845389956844e-01
3.421458681510364253e-01	1.718633508645743824e-01
3.422593803559992320e-01	-2.781281476510942818e-01
3.423732347097355189e-01	2.064485403307241285e-01
3.435884949610786832e-01	2.406208838700185648e-01
3.437010039162479158e-01	7.331499493351114616e-01
3.438148640691159885e-01	-2.155138695296822116e-01
3.450289065027907220e-01	2.586261159182503544e-01
3.451423201225136683e-01	-1.925646106462256535e-01
3.452563600484661044e-01	4.380482307804638431e-01
3.464702807003740004e-01	5.516212328225154060e-01
3.465836479270428816e-01	3.504992710916328136e-01
3.466976530582047689e-01	8.540588097765104969e-01
3.479117070901430742e-01	1.391155320084060953e-01
3.480250395220214066e-01	2.460035048188775608e-01
3.481390968453691448e-01	-2.737905572701626600e-02
3.493525187719461189e-01	-5.806944655389859600e-01
3.494661991517297728e-01	-3.752184354272396494e-01
3.495805870255874748e-01	-2.689515230412231617e-02
3.507930462962932650e-01	-8.459271416706326541e-02
3.509081358650932292e-01	4.446063522887166997e-02
3.510218626379309481e-01	-1.438676024526340802e-01
3.523491273199807483e-01	2.998617537875336581e-03
3.524635035955749340e-01	4.360744531161109272e-02
3.537903159453478774e-01	4.792513292048901086e-01
3.539045994348339885e-01	-1.740392902232911210e-01
3.552316263524818440e-01	-9.576255257257126896e-02
3.553459620341537506e-01	-3.118795208356666127e-01
3.566733600962339046e-01	1.583268041257337444e-01
3.567872840395512335e-01	2.799746125294599874e-01
3.581146241103138061e-01	-5.552344876239512228e-02
3.582290351806985407e-01	9.319701564981985875e-02
3.595558359322079678e-01	5.143958126245018470e-02
3.596696496920219754e-01	3.334592210740319196e-01
3.609975870733552750e-01	-2.464954377675074859e-01
3.611115574097266689e-01	1.808650919503047572e-01
3.624384625456076869e-01	9.409120268001069931e-02
3.625530823847355477e-01	7.903113822926099985e-02
3.638798715379814586e-01	-1.616856601819239847e-01
3.639942130187850955e-01	-3.580352704879770087e-01
3.653218256487401616e-01	7.879327997954721496e-02
3.654357031990034810e-01	-1.592904538554565930e-01
3.667632172437187421e-01	-2.176890913477435019e-01
3.668769324182928893e-01	-1.824169502576175050e-01
3.682044174673493875e-01	-1.962099789346678502e-01
3.683181790349775442e-01	2.629424369573305498e-01
3.696459250449629641e-01	5.957181274620633182e-01
3.697598025952262835e-01	-1.201232537207685969e-02
3.710869628929044928e-01	9.480390249076675602e-02
3.712011188014920360e-01	2.374751053998140904e-01
3.725285690557579299e-01	3.930191517865457840e-01
3.726433512705749629e-01	1.395135039827042345e-01
3.739700882316350783e-01	-1.371627621161773947e-01
3.740838845940538393e-01	3.317263431055437195e-01
3.754112478613434445e-01	-3.365367636010196950e-02
3.755254095690627181e-01	1.129639986332682255e-01
3.768526452554537554e-01	-3.935777467010870279e-02
3.769661922552069999e-01	-9.477362221432839018e-02
3.782935149285743814e-01	3.730591823934503726e-01
3.784081115711752097e-01	-1.576160717676126088e-01
3.797354110480155587e-01	-8.588287331238486644e-02
3.798494219783091763e-01	-1.058532794705095981e-01
3.811767446516765578e-01	-1.062947483816968353e-01
3.812909237567910781e-01	-1.591442766494449712e-01
3.826178694865943752e-01	3.796409688955175721e-01
3.827321703734757330e-01	4.780301652008414059e-01
3.840596844181909941e-01	2.416429368957204726e-01
3.841736663528258489e-01	-1.346209827719058172e-02
3.855009310348756491e-01	-9.921587188535108126e-02
3.856148897729835268e-01	-1.693775560086542287e-01
3.869422994333271970e-01	3.078466080870878585e-02
3.870562059792492238e-01	-2.888463928583804297e-01
3.883837548187550337e-01	7.695453446638844675e-02
3.884979861160553494e-01	4.951699581944126738e-01
3.898251000206794936e-01	2.125482357822676693e-01
3.899391921388177251e-01	2.001997303800167050e-01
3.912664104278134602e-01	2.542347585029958168e-02
3.913804155589754030e-01	2.626443329502008428e-01
3.927078310184508037e-01	3.944313023410743746e-01
3.928217955556904117e-01	4.703607052941445321e-01
3.941493038012738870e-01	3.427455671175123619e-01
3.942632625393817647e-01	-3.224208826596441924e-02
3.955906200075396395e-01	-3.661951333598617575e-01
3.957043467803773029e-01	-2.290610405203494793e-01
3.970321043886262391e-01	7.888189873889928094e-02
3.971463646815853177e-01	1.071117857536814100e-01
3.984734089966284198e-01	6.537037940362973032e-01
3.985874605208443722e-01	2.094377048298872168e-01
3.999147310020259027e-01	-1.242330476434221342e-01
4.000289854958532509e-01	5.217727931279747544e-02
4.013561283961362136e-01	2.968598817865886197e-02
4.014701973177474126e-01	2.515371151348697598e-01
4.027974793971924594e-01	-1.594610043450509496e-01
4.029117048953610447e-01	1.106245383810902094e-01
4.042388419965122215e-01	1.028442112818046539e-01
4.043528239311471317e-01	1.444706548937146895e-01
4.056803321767306070e-01	2.246335097216192178e-01
4.057941459365446146e-01	-4.629547360836117065e-02
4.071216889769185832e-01	2.700583108482716987e-01
4.072357463002663214e-01	2.656951181099573844e-01
4.085630747727653778e-01	3.119463610375077245e-01
4.086770335108732555e-01	-3.913079898799695089e-01
4.100043503851088511e-01	7.627298662790367167e-01
4.101183903110612872e-01	-1.283750059613512073e-01
4.114452664512834867e-01	-3.022079519200800979e-01
4.115597877051715425e-01	-4.003212301559118114e-01
4.128872031646469432e-01	2.265760812628792031e-02
4.130012720862581421e-01	-1.262142206266539946e-01
4.143281888204026764e-01	9.724706377985059547e-03
4.144425476986016155e-01	-1.554178515691269080e-01
4.157700327476580582e-01	-1.648879971692043256e-01
4.158841596605868385e-01	-1.534339912751391255e-01
4.172112155738934569e-01	1.099893331130681329e-01
4.173253424868221817e-01	-1.596763016835526239e-01
4.186527173523753032e-01	1.045869635549316889e-01
4.187665485095845574e-01	-3.411487096614684855e-01
4.200941263447491303e-01	1.117502091098991901e-01
4.202081662707015663e-01	-9.533133293961648658e-02
4.215356049267039995e-01	4.888538613218029738e-02
4.216495288700213284e-01	2.525455441199941919e-01
4.229767181633583006e-01	1.317816734682262236e-01
4.230906653032026621e-01	1.890695559176425178e-03
4.244183127279482215e-01	2.707706356854338026e-01
4.245322308721338200e-01	-3.201999973969271718e-01
4.258597159211902627e-01	2.745739928480948056e-01
4.259737442488791825e-01	4.963683738004329715e-01
4.273014322675470766e-01	-2.539507877521023360e-01
4.274150372586179025e-01	-4.291259516901021476e-01
4.287422613467454235e-01	2.770153209266086325e-01
4.288563012726978596e-01	2.314452800279289679e-01
4.301838965052576236e-01	-1.274765692304297149e-01
4.302977566581256963e-01	2.154343658769142245e-02
4.316252533054456553e-01	7.116831693932335057e-02
4.317393802183743801e-01	-6.965671181366661635e-01
4.330666275030289336e-01	6.751469923181585564e-02
4.331804818567652204e-01	-2.208197458829951332e-01
4.345074681804907968e-01	4.909115080799868469e-01
4.346226157406083423e-01	-4.711772820412718499e-02
4.359493063086143927e-01	1.451429825475301083e-01
4.360631200684284003e-01	-7.039821376217203497e-02
4.373908254844915411e-01	-1.133310653751380404e-01
4.375047842225994188e-01	9.203097276407068428e-02
4.388314805897372550e-01	-1.670696560339606229e-01
4.389462280097637392e-01	6.182945376020114736e-01
4.402735796787898281e-01	8.243202373449753928e-02
4.403873470455498262e-01	4.303478980478709914e-01
4.417149248807143436e-01	-6.652373660787314069e-02
4.418288662214269746e-01	-9.617283617986804867e-02
4.431570471662939492e-01	3.473458681583529994e-01
4.432704375894898630e-01	4.540053570589570597e-01
4.445975630923775790e-01	-2.274920260123838300e-01
4.447115972191982292e-01	3.199242992207647074e-01
4.460388039099305035e-01	2.383256705019176636e-01
4.461531047968118613e-01	-8.029976648200121137e-02
4.474805376536825641e-01	1.243382809812354495e-02
4.475941716404121529e-01	-3.840234195291847286e-02
4.489217552747084561e-01	6.148396558992570426e-01
4.490357430084750967e-01	-2.763987069405496877e-01
4.503631758653457440e-01	5.388053436737005875e-02
4.504771925947711475e-01	7.315920590437641202e-01
4.518043818881081197e-01	2.730893473987507925e-01
4.519182710366349554e-01	4.774809122196144173e-02
4.532459358587758169e-01	-2.116888888897744403e-01
4.533596684307452107e-01	1.597664110864127629e-02
4.546871186850111601e-01	-2.509716850443748370e-01
4.548016921310850114e-01	-1.022009116749817981e-01
4.561287190487328669e-01	1.690801718596459668e-01
4.562429561451649684e-01	-1.046537389437076637e-01
4.575701628358971873e-01	1.580855711136748276e-01
4.576841215740050650e-01	-2.038773556483997051e-02
4.590106729628490312e-01	3.673323356854152344e-01
4.591253044002404637e-01	1.065895725286132301e-01
4.604526966631888318e-01	-3.671787723544150950e-03
4.605666901960872028e-01	2.977491108262613206e-01
4.606793383304185752e-01	-2.909513071275903195e-01
4.618940650616403243e-01	2.153430389686064039e-01
4.620081223849880625e-01	-1.710713742277807370e-01
4.621208923010862168e-01	-2.725051686285622221e-01
4.633356016349127748e-01	-2.495096005062622524e-01
4.634494617877807920e-01	4.530357586789968138e-02
4.635618953542371967e-01	-1.866819624099359531e-01
4.647770628194723419e-01	-3.244406362656439002e-01
4.648910215575802196e-01	-6.577928903283591922e-02
4.650032637526887447e-01	3.825370149522022700e-01
4.662184544144508669e-01	6.543573730104195185e-01
4.663325697291161309e-01	-3.347581388540776803e-02
4.664448351207516330e-01	-1.143749918604823890e-01
4.676595328563146747e-01	5.896492631790151151e-02
4.677737235596927112e-01	-5.605685078350024497e-01
4.678868530219596478e-01	-1.894345810669638697e-01
4.691011506174316281e-01	1.712780170845376038e-01
4.692152775303603529e-01	-7.489143900376360463e-03
4.693277052976850272e-01	-3.505049257846072353e-01
4.705426407976500136e-01	-4.397590778915789755e-01
4.706565763392308588e-01	8.691837446590005012e-01
4.707688533291298771e-01	-1.400369347132193187e-01
4.719832553089734484e-01	7.585273705638972963e-02
4.720984840569354968e-01	-2.104489137104331720e-01
4.722104246971928210e-01	2.100547863742054933e-01
4.734255399702421707e-01	2.330369179427249637e-01
4.735392551448163179e-01	6.772055973485247016e-02
4.736515205364518755e-01	3.232453153505061572e-01
4.748670707443827799e-01	2.366217904913554548e-01
4.749805887484773170e-01	-3.961890836470225441e-01
4.750928889349033679e-01	-6.089434449592558973e-01
4.763078882253176660e-01	8.695466358400461004e-03
4.764220615313004004e-01	-2.489567644376944333e-01
4.765346400760507306e-01	-2.680401080639119860e-01
4.777491986324516327e-01	-3.169426017869463319e-01
4.778631109775054453e-01	-1.648611865572423563e-01
4.779759620814482135e-01	-2.122067274229140210e-01
4.791906134239571902e-01	-5.894095809695998334e-02
4.793049085117068175e-01	5.117480407443613100e-01
4.794172550911868780e-01	3.792071244474055636e-01
4.806315352892636117e-01	-1.060088310163681546e-01
4.807462711110265796e-01	1.208625674058219079e-01
4.808587336731417472e-01	2.903442572856413939e-01
4.820732110416980909e-01	2.685156278256739526e-02
4.821873379546268157e-01	1.600700563636525686e-01
4.823001252681202722e-01	-2.345424670111941889e-01
4.835150839646122356e-01	1.218717463381340238e-01
4.836290253053248667e-01	-2.553530640019920916e-01
4.837414356752542388e-01	2.605774785007690664e-01
4.849556578820133912e-01	-7.680001293917992911e-02
4.850700921489251582e-01	-1.549851736991969542e-02
4.851830070433171826e-01	2.205023006467146107e-01
4.863981107181030161e-01	2.392501054020141904e-01
4.865119186787852379e-01	-2.287731024576555861e-02
4.866241260791032697e-01	1.044239750327946581e-01
4.878390151860141910e-01	2.616256546868440669e-01
4.879532058893922275e-01	6.809903308226905594e-02
4.880657148445614602e-01	1.119109477904729477e-01
4.892802618026988459e-01	1.008853492274084385e-01
4.893943655191005937e-01	3.914007240979855418e-02
4.895069440638508684e-01	-3.613755352622040062e-01
4.907216475985456405e-01	2.761627559653376807e-01
4.908361978480924592e-01	3.506151379321396089e-01
4.909484342440691984e-01	4.840148270928623653e-02
4.921631145822369935e-01	-1.549995476869625577e-02
4.922774096699866209e-01	-1.732131609003882966e-01
4.923898606338382722e-01	4.703334572129900248e-01
4.936044191902391742e-01	1.863203327851772340e-01
4.937187896667016296e-01	-5.062635612200339086e-02
4.938312348314215505e-01	1.552638948197753166e-01
4.950463153096803515e-01	7.208750220910564721e-02
4.951595839511094277e-01	-2.368923015328028292e-01
4.952727250116399360e-01	1.291902309609651578e-01
4.964870979958246888e-01	1.052009203193009501e-01
4.966013756861790696e-01	-4.778017113800409055e-01
4.967138556456894838e-01	3.465470494122038225e-01
4.979291738883502294e-01	-1.997598539478703250e-01
4.980426860933130362e-01	-1.239736909076595284e-01
4.981550732667154313e-01	-7.741821940427973114e-02
4.993705770815923262e-01	2.568234928613013501e-01
4.994842574613759245e-01	3.113302794227732484e-01
4.995964764599574726e-01	-3.043908606968158681e-01
5.008113191738143843e-01	-6.785251803336356247e-02
5.009255272745876120e-01	5.238688955177317474e-02
5.010382913915540914e-01	-4.092174786705655709e-01
5.022530529175663894e-01	4.440668069445325994e-01
5.023669478652249554e-01	-3.130178781710681868e-01
5.024794278247354251e-01	1.912584850340981468e-01
5.036935166514642237e-01	2.558653103377561688e-01
5.038084380454432853e-01	-4.735430112832192950e-01
5.039209470006125180e-01	4.683067249381025476e-01
5.051356273387802576e-01	8.121398451039785193e-02
5.052495918760199212e-01	2.779330063020155617e-01
5.053623791895133222e-01	-2.438733724167465589e-01
5.065769551433095819e-01	-4.389226784522448632e-02
5.066909196805491344e-01	3.362167768833790316e-01
5.068036084088027859e-01	-1.363826295541230582e-01
5.080195181629024725e-01	4.900223206977145640e-01
5.081325142451390553e-01	-3.903951791612829680e-01
5.082443678984200908e-01	-2.809253256701942369e-01
5.094598601150334138e-01	1.236277060208434975e-02
5.095737840583507428e-01	1.200078775941857412e-01
5.096865249787901897e-01	3.295534128624266756e-03
5.109014430813598739e-01	2.595647998149142044e-01
5.110151756533293232e-01	-1.929425006950535870e-02
5.111278759798464355e-01	-2.369756081662417468e-01
5.123426433049905748e-01	-2.105797794946949741e-01
5.124563352830376894e-01	5.906541924105956909e-02
5.125691109982676297e-01	-3.029169644904963210e-01
5.137839305155974534e-01	1.929854884162824913e-01
5.138979472450229125e-01	2.632069183322094386e-01
5.140105547854318946e-01	3.513798340812461785e-01
5.152255250801873743e-01	-2.341096016544674807e-02
5.153395360104811029e-01	-9.823856570851841052e-02
5.154520913587042896e-01	-6.390079631872658261e-02
5.166662845698046791e-01	4.436799591868529902e-01
5.167807652297704557e-01	-1.184854523965259698e-01
5.168932683858079580e-01	-1.111585933634318124e-01
5.181074152038542824e-01	6.513759579655296061e-01
5.182219596542693152e-01	-1.573414661056989905e-01
5.183345555964149476e-01	-2.399258379072410907e-01
5.195490387641029661e-01	-1.915701181796737318e-01
5.196633802449066586e-01	-7.398047920336519034e-01
5.197765792967546927e-01	-1.033929527299062290e-01
5.209913524210305624e-01	-3.479949150428157667e-01
5.211048066346757324e-01	4.286218529378693631e-02
5.212173561837672997e-01	5.197432277129361289e-01
5.224321467054383605e-01	9.619755434799737159e-02
5.225463838018704621e-01	-1.749162701255635444e-02
5.226587999709315646e-01	-1.988733538763538533e-01
5.238730685707447821e-01	1.170785838788444000e-01
5.239877695977172012e-01	-1.050059016439540693e-01
5.241003191468087685e-01	4.579097904433648836e-02
5.253149124980001083e-01	7.095428617768024804e-01
5.254291669918275121e-01	2.542054272288751804e-01
5.255410264442401669e-01	-3.958542947232923659e-01
5.267568434122318344e-01	-2.229375342455948150e-01
5.268703324206676086e-01	4.857517464370868510e-01
5.269827775853875851e-01	-1.346291905335706973e-01
5.283118979895987666e-01	8.868970806025999742e-02
5.284246447091699439e-01	4.078846049420750131e-01
5.297531852002057562e-01	-5.432717571445956350e-01
5.298653810022602162e-01	-4.672592245593021332e-03
5.311944318168904111e-01	5.098176766830992968e-01
5.313071959338568906e-01	-6.019943197359911569e-02
5.326360031849532994e-01	-3.933833437308625891e-01
5.327485933279670904e-01	4.470518050767635643e-02
5.340773077929555912e-01	4.199610045063717489e-01
5.341901762942935505e-01	-1.199072897688961969e-01
5.355185428113766744e-01	-1.308821419055897772e-01
5.356314925005593031e-01	2.073318114692934699e-02
5.369603519438416184e-01	3.636229719036185859e-01
5.370725941389501434e-01	6.093141283537328867e-02
5.384015869622627015e-01	-3.470391490094326681e-02
5.385139857339286129e-01	1.824604796010393937e-01
5.398423754475387693e-01	7.288538768701002812e-01
5.399554063245659563e-01	-3.859718656567507900e-01
5.412841787808718719e-01	-5.373713705677973795e-02
5.413969660943653839e-01	-1.491781659758705247e-01
5.427253906027660335e-01	4.967633043285779593e-02
5.428381953136547367e-01	1.910776227706529884e-01
5.441671359447816103e-01	2.562517831218418252e-01
5.442797956773764989e-01	8.014918449499441877e-02
5.456086261249999403e-01	7.498113177562881759e-03
5.457206363548383621e-01	1.513031737388854658e-01
5.470498785408164366e-01	-8.513886320654040496e-02
5.471618829715230170e-01	-2.395348029444297477e-01
5.484912237427409520e-01	-8.125532419038938858e-02
5.486039762614438597e-01	5.539892744016250425e-02
5.499325515472701653e-01	1.275989680197631149e-01
5.500452576729190080e-01	-1.427275577360601622e-01
5.513739257448534437e-01	7.066060269321838838e-02
5.514866086739752538e-01	1.465655073714891010e-01
5.528149751910584886e-01	4.657131575804760448e-01
5.529278088976059546e-01	4.747681449165361833e-01
5.542574744202021231e-01	2.286664757149288185e-01
5.543694788509087035e-01	-2.584970925954251930e-01
5.556979439532316878e-01	1.038187676522823732e-01
5.558104703057961116e-01	-4.271185097171015244e-02
5.571394457317134785e-01	-5.402324190890539501e-02
5.572519256912239483e-01	-8.773174311257803115e-02
5.585809069162731566e-01	2.419506652250926759e-01
5.586933346835978309e-01	-4.311286856549817470e-01
5.600221013407720161e-01	1.607980051005595268e-01
5.601347088811811092e-01	2.669111574748899152e-01
5.614636379140444111e-01	1.186112259482041686e-01
5.615760018909198292e-01	-2.953178121326507366e-01
5.629050932994722478e-01	-1.987514249627458929e-01
5.630175732589827176e-01	-1.566781378181364426e-01
5.643460615578327344e-01	4.195574912619637331e-02
5.644588836661166287e-01	-1.555122824191841335e-01
5.657874415545477431e-01	2.137135287208291601e-01
5.659006348072640469e-01	-2.925657559360136384e-01
5.672291347043775245e-01	2.434654335531445390e-01
5.673418350308946367e-01	3.783687252248979505e-03
5.686704741071701985e-01	-1.533198743114034812e-01
5.687830526519205288e-01	1.621139124326602676e-01
5.701118541038853182e-01	-6.689464798781319388e-02
5.702244210503720767e-01	-6.423364787888830030e-02
5.715531761092828011e-01	1.632883297286726876e-01
5.716659112305904067e-01	5.529905947299407210e-02
5.729943879311768518e-01	-2.103571701711319797e-01
5.731069200828731169e-01	1.210345552942120317e-01
5.744360752818749027e-01	2.599937696063057135e-01
5.745485842370441354e-01	-4.374109099129441791e-02
5.758772581081103015e-01	1.698557422429747277e-01
5.759898830459145858e-01	-5.919254454025080214e-03
5.773188584718319527e-01	1.258994627011293943e-01
5.774313558287377246e-01	-2.522789054882175197e-01
5.787601920754930074e-01	2.028075467342103089e-01
5.788728808037465479e-01	-5.547041708092136370e-01
5.802014792860998860e-01	4.433038606721975139e-01
5.803141912108805700e-01	-3.726284303187550329e-01
5.816426273175447914e-01	-6.242140049969679971e-02
5.817554552249605271e-01	2.989422768019676102e-01
5.830842334803982840e-01	-2.633633124099211686e-01
5.831969106103883638e-01	-3.302361656369569021e-01
5.845253525161843156e-01	2.228250954121624439e-02
5.846382036201270838e-01	8.257247218360186380e-03
5.859670978581998924e-01	-5.129380911909864338e-02
5.860795546211833296e-01	-1.179158675074318818e-01
5.874080371209015050e-01	-2.396089227248189291e-01
5.875210737970604225e-01	3.765703101352859683e-01
5.888498520524981794e-01	-7.564296941968373655e-02
5.889624943876977659e-01	-3.488184195505613650e-01
5.902912204509497274e-01	-1.080783102809572682e-01
5.904042803236355663e-01	-1.182263456431593696e-01
5.917328672077254437e-01	-2.641335081717377520e-01
5.918450978045703970e-01	-2.060327871997834626e-01
5.931741138244100986e-01	2.663065750503674778e-01
5.932865009978124382e-01	1.058135021804924580e-01
5.946152618558548930e-01	-2.950323322365149270e-01
5.947280491693484050e-01	1.504586082142838066e-01
5.960564968742760872e-01	-9.092376832602699910e-02
5.961692783886377578e-01	2.162505583995777414e-02
5.974982944084774594e-01	-1.542209358574820888e-01
5.976106525862210361e-01	5.967106825650470014e-01
5.989397149991148028e-01	-1.574948303055934140e-01
5.990518702072469281e-01	-5.814732648552634053e-02
6.003809500175358860e-01	-5.638251326595966617e-02
6.004934241779146253e-01	3.440521834435639192e-02
6.018222952194604014e-01	3.896041422759402018e-01
6.019347577815756800e-01	3.983555259921602865e-01
6.032635418361450563e-01	2.436555451652384630e-01
6.033761957696082145e-01	3.052948294469799428e-01
6.047050610120222602e-01	5.358958402250357800e-01
6.048176221593772883e-01	4.404535197365655463e-02
6.061461394538860681e-01	-1.005200925404429180e-01
6.062589789595652645e-01	-3.911879983299298980e-01
6.075881225603034785e-01	-8.352160209616310560e-02
6.077003183623580496e-01	-1.012960378973745135e-01
6.090291256134545694e-01	-3.542765351829869624e-01
6.091416693634142954e-01	-1.680902716608857483e-01
6.104704070249297176e-01	-4.745323791106550448e-01
6.105832407314771837e-01	-1.118562942304327512e-01
6.119119435982021127e-01	1.624155161933327207e-01
6.120248410951989460e-01	-1.650465485038138391e-01
6.133535149662650010e-01	-1.069763253841613526e-01
6.134657803579005586e-01	-1.398763835194424265e-01
6.147943034515410687e-01	-4.486869908367163706e-02
6.149071371580886458e-01	9.503738604855205274e-02
6.162362169683776036e-01	-3.793360829571658099e-01
6.163483663773779986e-01	-1.889276167680467022e-01
6.176772374189237746e-01	-1.651019196045092619e-01
6.177899725402314912e-01	-1.669679131988228704e-01
6.191186928043516113e-01	-2.350217457597638671e-01
6.192315613056896817e-01	2.701843019758134457e-01
6.205605135350800161e-01	-1.393953548941014864e-01
6.206723671883609406e-01	-2.036870773877076379e-01
6.220017833482917036e-01	3.692785736288177745e-01
6.221144836748088158e-01	-1.376047309921564210e-01
6.234430821571621539e-01	1.968009697251453805e-01
6.235552199678990881e-01	-6.517608151149090201e-02
6.248838532450429195e-01	2.287117225285895117e-01
6.249970522968909536e-01	3.491336172627446111e-01
6.263249896782242532e-01	6.977716490605190280e-02
6.264383511057614040e-01	-5.255753262605200593e-02
6.277670191776958397e-01	4.611551035645449215e-01
6.278794991372063095e-01	9.802080095260912174e-02
6.292083933752791181e-01	2.880827915409891471e-01
6.293213256670664446e-01	-4.142273758671142225e-01
6.306499299485515131e-01	9.915272124131591092e-02
6.307619865714438889e-01	-3.632988373207812760e-01
6.320908866086484279e-01	1.279783163055652206e-01
6.322039464813343779e-01	-5.188847550560149458e-04
6.335332408594982478e-01	8.054790641648024163e-02
6.336450365214616465e-01	-7.730010272220955159e-02
6.349740931352235718e-01	3.650231233031429046e-01
6.350866368851834087e-01	1.444946532037223452e-01
6.364153223545130356e-01	5.390391188712813086e-01
6.365279356940538591e-01	3.246317177182551639e-01
6.366413667111719965e-01	2.614225439901622927e-01
6.378571720809002032e-01	-6.711332008864046017e-02
6.379694026777451565e-01	1.699569434559200509e-02
6.380829090835762329e-01	5.310458901044734503e-02
6.392983027149496955e-01	-4.121377730196539302e-01
6.394106202987710486e-01	3.596142125453116734e-02
6.395237555601698265e-01	-3.265629868069690467e-01
6.407397117073235782e-01	6.525473338153919833e-02
6.408521452737799828e-01	-6.658021283971025106e-01
6.409653791204185103e-01	-2.292720256625022657e-01
6.421809931187987264e-01	-1.541421914027685247e-01
6.422935078730996894e-01	-3.908686458191474866e-01
6.424070316763259569e-01	-4.553057955715776872e-01
6.436223151241962093e-01	-4.026471080249127699e-02
6.437348356776290137e-01	3.427816895737221259e-01
6.438482492973519600e-01	-1.090996133594712703e-01
6.450633993651917475e-01	-1.372098837978075192e-01
6.451763084604520415e-01	5.647770563723766291e-01
6.452900294341580301e-01	1.882212822575191069e-02
6.465049533358594447e-01	-1.266217544275956008e-01
6.466175782736637290e-01	-2.227067379985655515e-01
6.467308237185658282e-01	-2.310822106869275805e-01
6.479465594987129373e-01	-2.720702617552676061e-01
6.480591728382537609e-01	-1.797983221648004060e-01
6.481729112093549405e-01	-2.860962740253116809e-01
6.493879220980326439e-01	1.143212780518931826e-01
6.495000889044283410e-01	-2.838203717972950235e-01
6.496139838520869070e-01	-9.212055904647398208e-02
6.508296036495989645e-01	-4.459706404652947764e-01
6.509417414603358987e-01	-5.080367071924636324e-01
6.510554102418559808e-01	-9.841236596927871449e-02
6.522697484312501848e-01	-3.743253108222314163e-01
6.523831736492367028e-01	1.807336012100531075e-01
6.524965002819832494e-01	-2.700316553165741373e-01
6.537119866994649531e-01	3.849962167720240025e-01
6.538245942398739352e-01	-9.177708323448563466e-02
6.539375845229788986e-01	2.085531421219390946e-01
6.551536044605819065e-01	-8.265785042267492777e-02
6.552656784808695845e-01	-3.385044583730701939e-01
6.553793066684674429e-01	-3.801832108013254441e-01
6.565945263258883280e-01	8.428539321781736149e-02
6.567070236827939889e-01	-1.251832307302982450e-01
6.568205822808108607e-01	-5.674185254478874008e-01
6.580363412574848914e-01	-1.841770763072605455e-01
6.581485254612758906e-01	4.551633172502178581e-03
6.582619622775258694e-01	-3.166703709577940451e-01
6.594775240837202901e-01	9.755095903948540759e-02
6.595894705231093447e-01	1.312029642216812064e-01
6.597032552872645894e-01	-2.411201912993278240e-01
6.609187707004049450e-01	-3.716224178237925724e-02
6.610314304329998336e-01	1.834755331196553652e-01
6.611447628648782215e-01	-8.243280377075190568e-02
6.623597099631066687e-01	-4.289473392682203734e-01
6.624728974166911311e-01	-2.766110669858802273e-01
6.625862704424918537e-01	-2.983364120589330204e-01
6.638017336634464138e-01	5.549292082102685875e-02
6.639141266359805948e-01	5.529821369858811675e-01
6.640276098452845277e-01	-2.277355088660059090e-01
6.652430962627662314e-01	-2.254748555641402641e-01
6.653556574101212595e-01	-1.091721499116882210e-02
6.654697205326006726e-01	4.463911432617575503e-01
6.666845864429845614e-01	-1.994303771500531841e-01
6.667968982276741841e-01	5.610371114804557635e-03
6.669103060482652889e-01	-9.699252845607597706e-02
6.681257692692199601e-01	-2.348182600894883620e-01
6.682385043905275657e-01	1.282292986310646921e-01
6.683514946736324180e-01	-2.160942036618006545e-01
6.695675320086307281e-01	1.834140374502601922e-01
6.696801105533810583e-01	8.769890283404779829e-02
6.697931820243304690e-01	1.069536718882646564e-01
6.710083088956433350e-01	6.583802564500862431e-03
6.711209686282382236e-01	-1.587788023866160136e-01
6.712346084140995428e-01	-2.066971154169296998e-01
6.724493061496625845e-01	-9.438694110524781244e-03
6.725626211841456703e-01	-2.493753599596554293e-01
6.726759246203652953e-01	-1.572562221086892809e-01
6.738914052387151576e-01	-2.617747367794751590e-01
6.740038793990938970e-01	-1.721245917191738251e-02
6.741174437962423882e-01	-6.060284106500823942e-02
6.753328548250112640e-01	7.475802248727347887e-03
6.754453985749709899e-01	2.322606809460059374e-02
6.755584932424474331e-01	-5.773289525427713897e-01
6.767734055458853870e-01	3.533455706515300498e-01
6.768867263795002032e-01	2.943768483053572638e-01
6.770001168026961169e-01	-5.889750699080980034e-01
6.782158351854479239e-01	-3.838284332603714155e-02
6.783282861492996307e-01	1.625933786680267001e-01
6.784414388080935998e-01	1.170983324881218479e-01
6.796568382385989038e-01	-3.242005281743667311e-01
6.797692196128695130e-01	-2.269807286789393697e-02
6.798823316777412584e-01	6.972331036459185061e-01
6.810982994231584708e-01	8.605501859850539503e-02
6.812109765531486616e-01	-3.519356375320323860e-01
6.813246221381417111e-01	-3.135205927692549244e-01
6.825397084155323535e-01	-1.762449473980552961e-01
6.826522347680967773e-01	6.073005201546299858e-02
6.827658629556946357e-01	8.870483199521284057e-02
6.839814421592843585e-01	-8.920613928368947843e-02
6.840936495596023903e-01	3.983414853205879957e-02
6.842071095723794016e-01	-4.610096646614048055e-03
6.854216623296485178e-01	3.464949280826554734e-01
6.855350237571856686e-01	-2.215401326524255587e-01
6.856482054116384006e-01	-6.993706707068619854e-01
6.868642311483732499e-01	-4.971860754683410377e-02
6.869764269504277099e-01	-3.309290543428367037e-01
6.870897825788331303e-01	-4.921953852588780709e-01
6.883046716857440517e-01	1.199027599967033009e-01
6.884176097766631086e-01	-8.659551062754167194e-02
6.885311567764164087e-01	2.131206954689148780e-01
6.897466431938980014e-01	3.554812952510366664e-01
6.898590651620909453e-01	-2.165857940433691953e-01
6.899726527557664690e-01	-2.210742696194378798e-02
6.911874258800423387e-01	3.902743450793904056e-01
6.913003755692248564e-01	-2.277518827129383361e-01
6.914139457655051890e-01	1.365857101617382607e-01
6.926285913088824353e-01	3.743052196458929171e-01
6.927419527364195861e-01	2.069149658241009604e-02
6.928552271769803372e-01	1.448131307761191255e-01
6.940696117594286063e-01	-4.139898925909941685e-01
6.941829267939118031e-01	-3.414489176807644633e-02
6.942964331997427685e-01	-1.055154282624293227e-01
6.955121109885723518e-01	-2.967414410391933099e-02
6.956247649220353990e-01	-4.622304954252423048e-01
6.957380103669374982e-01	-4.914027327388292843e-02
6.969530966443280295e-01	6.192146811439780407e-02
6.970659883421930214e-01	-1.229861771099949319e-02
6.971794599532334935e-01	-3.420395219293145272e-01
6.983948593837387975e-01	-4.963715286694484474e-01
6.985075887059147837e-01	-2.814040419583729857e-01
6.986206949716546877e-01	1.126276473195635397e-01
6.998362103847951543e-01	-1.005098432622102411e-01
6.999487367373595781e-01	1.848530611123495593e-01
7.000621851518730177e-01	-2.830564880909754999e-01
7.012776657702229910e-01	1.708493806093391854e-02
7.013898499740138792e-01	-7.088530446061414025e-02
7.015034027728990207e-01	-1.051355591736369277e-02
7.027189587799616000e-01	5.531743734483405284e-01
7.028316185125564886e-01	2.221057710679175123e-02
7.029449741409619090e-01	-5.248176712189134285e-03
7.042729927101397669e-01	-5.686072958934662580e-02
7.043864643211802390e-01	5.499454758314938907e-01
7.057143669077230452e-01	-2.882264990121080617e-01
7.058278907109493128e-01	-3.533414135354649988e-01
7.071558454896779145e-01	-1.430374109157978024e-01
7.072690213449989161e-01	-3.017341727842206556e-01
7.085971906916024299e-01	3.549114187221458216e-02
7.087106217087205673e-01	1.756807070414068139e-01
7.100385358935269453e-01	9.584582911694372598e-02
7.101515551722905606e-01	-7.069675523849461296e-02
7.114798926937149215e-01	-2.113864101907163562e-01
7.115934280952046498e-01	2.266806155617737684e-01
7.129212031008488326e-01	-3.692777287794984931e-01
7.130346341179670810e-01	3.458728468904190834e-01
7.143625483027733480e-01	1.654718009657991651e-01
7.144762460799523041e-01	-4.793085740148218532e-01
7.158042008586809057e-01	-4.473845408965946291e-01
7.159166460234007712e-01	1.462435300455495746e-01
7.172455924536593752e-01	-1.386102851797278435e-01
7.173585769376324972e-01	-3.718313614493774510e-01
7.186868274720805694e-01	6.000910278564175471e-02
7.188003744718338694e-01	-1.202753263512831294e-01
7.201284626305928249e-01	1.127433891688724987e-01
7.202414761102247098e-01	2.621394935016487793e-01
7.215699528108111549e-01	1.770536103597764033e-01
7.216828039147539231e-01	1.175088035822156041e-01
7.230108514795905439e-01	-2.924973232551316693e-01
7.231245376585059281e-01	5.549342078581864790e-02
7.244522778693596177e-01	1.604205316827265193e-01
7.245657610786636615e-01	-1.588888571364178715e-01
7.258931707390072763e-01	1.452364759636026736e-01
7.260073034510677870e-01	6.393745114626070425e-02
7.273351422471612260e-01	-5.158466363674674149e-02
7.274480803380802829e-01	-1.184511423126866081e-01
7.287764062612411831e-01	-4.268982335688985552e-01
7.288897966844370968e-01	-4.133889349112125355e-01
7.302178326510102568e-01	-4.675350385327781133e-02
7.303311418863616122e-01	-6.066457005193963692e-01
7.316594678095225124e-01	4.755797960986751782e-02
7.317728060405326307e-01	-3.569303274598301101e-02
7.331005752470450831e-01	2.805335315093260284e-02
7.332141802381159090e-01	1.293662185676898169e-01
7.345421408159762411e-01	-9.905286252501532829e-03
7.346557864009694017e-01	-2.614672584324987392e-01
7.359827031351138249e-01	-9.747330709902113366e-02
7.360964299079515438e-01	-1.743452686758920622e-01
7.374247326345854114e-01	-8.681980733227723235e-02
7.375379722803556692e-01	1.033944225352152468e-01
7.388661416269591831e-01	3.482758026711596511e-01
7.389794798579693014e-01	-4.651801627058509414e-01
7.403071620775054651e-01	1.143661498919599229e-01
7.404208018633667843e-01	2.529220176082433991e-01
7.417488784238622790e-01	-2.411931236633362285e-01
7.418621180696325368e-01	-3.019657814740366319e-01
7.431904613901886281e-01	-5.611187190884131537e-01
7.433030689305977212e-01	2.024859027244629850e-02
7.446316906094780919e-01	5.546176468111603253e-01
7.447447910760862655e-01	1.570309787191037643e-02
7.460732677766728216e-01	-4.905961228810066244e-01
7.461863914398080277e-01	-1.820021044715951497e-01
7.475147231621006583e-01	2.898128780457209785e-02
7.476278932182898185e-01	-1.944537901077604269e-01
7.489558711935454527e-01	5.387510141599882729e-01
7.490695689707244087e-01	-5.325726980861962279e-01
7.503971816006794748e-01	-2.682087836855562291e-01
7.505104502421084955e-01	-6.294146595997985871e-01
7.518389849340125775e-01	-2.147281123637198030e-01
7.519519810162491602e-01	1.737491764019627460e-02
7.532799067993189990e-01	-3.496080514436603615e-01
7.533935465851803182e-01	-5.274158216504498675e-02
7.547216521413344648e-01	4.067384356568011228e-01
7.548345322409359959e-01	4.044066832014969748e-02
7.561626725918807468e-01	-6.218116741722168328e-02
7.562760224211544369e-01	3.258440073472486098e-01
7.576040815842545184e-01	-2.773299538609351744e-01
7.577173676230789523e-01	9.428102265230720036e-03
7.590453282009392844e-01	-5.229714054716614324e-01
7.591591187642262595e-01	-3.603452953130360514e-01
7.604869343637926660e-01	-1.007643253412526807e-01
7.606002667956710539e-01	-2.926365634496568280e-01
7.619282273735313860e-01	1.181846309895737690e-01
7.620417743732846860e-01	-1.462776202360593913e-01
7.633697001563545248e-01	1.070404157796471800e-01
7.634829108064660197e-01	3.679505004931149514e-02
7.648112773235491435e-01	3.790571350098561609e-01
7.649249693015963691e-01	-3.080102308160826974e-01
7.662523035732271559e-01	1.052470420713473853e-01
7.663655780137880180e-01	3.589200948226345389e-03
7.676939097360806485e-01	-2.931677135453788496e-01
7.678071841766415107e-01	9.565084284812952475e-02
7.691347562126742421e-01	1.894836100230958831e-01
7.692486105664104734e-01	-3.770197460766099296e-01
7.705760956154670271e-01	-3.280583190037384966e-01
7.706898745804904305e-01	-3.538174425128876033e-01
7.720176147913441200e-01	-8.509911600558972555e-02
7.721311617910974201e-01	1.928068759944006061e-01
7.734589078010828400e-01	-7.750533826925642966e-02
7.735725939799982243e-01	2.813847215674192270e-02
7.749006183483079235e-01	-4.441191875073446926e-02
7.750141305532706193e-01	2.375456004354623563e-01
7.763419287554418347e-01	-3.414901647760915093e-02
7.764554757551951347e-01	-4.921813237491077242e-01
7.777838538705418303e-01	-9.362607802587685768e-02
7.778969137432276693e-01	2.207597825145077852e-01
7.792245205740510050e-01	1.718313531178972120e-01
7.793381313642535613e-01	-5.875223597098322426e-01
7.806663123091206469e-01	-2.855449378511192293e-01
7.807793431861477229e-01	-3.708275571385775127e-01
7.821076227162545580e-01	1.776415689549704080e-01
7.822209957420552806e-01	-1.181938479316902990e-01
7.835489099268615476e-01	-1.001551182424058606e-01
7.836627120884119835e-01	-3.759400721086496588e-01
7.849902145348637283e-01	-9.106450841492763626e-02
7.851037035432995026e-01	-1.480206224915824320e-01
7.864317279116090909e-01	2.518723415277930311e-01
7.865448167799538037e-01	-8.699433670202649793e-03
7.878731137074559410e-01	-1.209270304574356913e-01
7.879865157289153155e-01	3.098797983038581449e-03
7.893141167606069208e-01	-1.628779512192443102e-01
7.894279595160796914e-01	-3.947339152821982555e-02
7.907560998670244423e-01	-1.869321947882476298e-01
7.908695482815378819e-01	-2.156501099354563022e-01
7.921969057496957012e-01	7.839443306686355584e-02
7.923105803303476247e-01	2.256298145605417638e-01
7.936392426031502190e-01	1.127986352783698631e-01
7.937520821088295264e-01	5.302171984620107636e-02
7.950799035075277743e-01	1.831776790949217748e-01
7.951932475376696230e-01	2.024252819934546643e-02
7.965211675216076204e-01	2.006531984462078810e-01
7.966348131066007809e-01	-6.220838633439687015e-01
7.979622459634714282e-01	-1.145053576799526240e-01
7.980762974876873805e-01	1.238549816761320699e-01
7.994045190264766898e-01	1.004957516633735448e-01
7.995175557026356072e-01	1.477859214283501199e-01
8.008455394770229718e-01	3.049399377785766418e-02
8.009588719089012487e-01	5.940489533471327022e-02
8.022874703912545868e-01	-2.991960390228884936e-01
8.023998865603158004e-01	-2.698817908702227930e-01
8.037283342652434825e-01	1.121431814362785495e-01
8.038417246884393963e-01	3.457958106550762523e-02
8.051696678689045372e-01	-9.047792472291116272e-02
8.052830698903639117e-01	-3.250455936637601795e-01
8.066110768612783088e-01	-4.244034092576587369e-01
8.067244382888154597e-01	-6.751383354429818517e-03
8.081661140412499389e-01	2.818257321712165364e-01
8.096074012518569285e-01	-4.576694416205605576e-01
8.110485666806970251e-01	-8.095765765245266365e-02
8.124897147121418195e-01	2.389145873692943844e-02
8.139311005079886696e-01	2.467562018129800805e-01
8.153725674916799671e-01	-2.283353416250059054e-01
8.168137793135741287e-01	4.251826367922608707e-01
8.182555652495119292e-01	-3.523183605801795126e-01
8.196968640583824905e-01	3.961050594729282892e-01
8.211382092603068950e-01	-6.460449676322954637e-02
8.225797922266333551e-01	-2.833484050338060944e-01
8.240211026337673772e-01	1.396567438955638174e-01
8.254625000278776881e-01	-4.197041776836345495e-01
8.269038858237244272e-01	1.419629564890851903e-01
8.283452716195711663e-01	-2.776074968160007206e-01
8.297865124371240908e-01	1.971290716197848791e-01
8.312280722069235184e-01	-5.502391727401625410e-01
8.326688606921995861e-01	1.401027958236755744e-02
8.341103682698132182e-01	-2.354382164313595371e-01
8.355524035684165352e-01	-5.480520767582950370e-01
8.369936733816282226e-01	8.369880952580088795e-02
8.384348736052588125e-01	-2.102351162663260720e-01
8.398763927811360164e-01	2.758291544579880572e-01
8.413175060177903175e-01	2.495852525875592587e-01
8.427589845997451867e-01	2.376335942388245748e-01
8.442001500285852833e-01	-1.140848247944231675e-01
8.456416576061989154e-01	-1.017210704660214127e-01
8.470830665985726871e-01	-2.081938225168765699e-01
8.485243828048384396e-01	1.361667396661834228e-01
8.499660469590094580e-01	-1.004377649983889675e-02
8.514074153574608950e-01	-1.681754531622940974e-01
8.528484706027976703e-01	-4.719859334346586666e-01
8.542897810099316924e-01	-6.159133395405824718e-02
8.557316307363188601e-01	-2.598299362348492902e-01
8.571729875365068363e-01	1.612777213183218539e-01
8.586141065722928678e-01	-6.172155186791072889e-01
8.600553531889776337e-01	5.414176597110209599e-02
8.614970985309932106e-01	-5.315493014051163589e-01
8.629378638197422458e-01	3.475538118543530786e-02
8.643798991183454516e-01	2.263635962263510493e-02
8.658208209836518732e-01	-2.973394822640207380e-01
8.672623923517148725e-01	3.727842017579430234e-01
8.687038071432203745e-01	-2.660948075544942171e-01
8.701452335329894483e-01	-1.107022504996874046e-01
8.715871644472211743e-01	-3.121651882185993987e-01
8.730280167229464983e-01	1.741981864424280158e-01
8.744693909205297766e-01	2.917640323032451022e-01
8.759108984981434087e-01	-8.397969483667877544e-02
8.773514434198858014e-01	6.190296941709982903e-02
8.787942326056171760e-01	-1.304949191743161041e-01
8.802351950648459322e-01	-2.217043085909431444e-01
8.816762097162603729e-01	-4.526505450577589240e-01
8.831178448747726284e-01	-3.751402950903170996e-02
8.845589813079539621e-01	-1.206250517231693964e-01
8.860008194360775580e-01	2.219864461312668347e-01
8.874419210744683983e-01	1.071695316871379422e-01
8.888826051753728752e-01	-2.669619964859262229e-01
8.903245998800538574e-01	-2.489235167790375680e-01
8.917659914750324379e-01	4.776516918534250422e-01
8.928881002730029159e-01	-2.314841615413609777e-02
8.932075802404906284e-01	-1.431841297440017424e-02
8.943298746106772557e-01	-4.276640962961864023e-02
8.946489370406786046e-01	-1.239589419463005271e-01
8.957707906768519468e-01	3.713574272332536008e-01
8.960900734738599382e-01	-2.038029442282145443e-01
8.972126056084485102e-01	-2.389513440323622895e-01
8.975315926497371422e-01	-2.484508625639597623e-01
8.986540667930081883e-01	-2.646674080738149470e-01
8.989729552490568487e-01	-5.595610475316623589e-01
9.000953945975374015e-01	1.191476881698394497e-01
9.004141960666097733e-01	-3.231802250254365294e-01
9.015364962359282419e-01	-1.918604727325289305e-01
9.018555934607200841e-01	1.125511527064133599e-01
9.029779690187512697e-01	-2.620263440609644778e-01
9.032972924096815959e-01	-3.454220962240501791e-01
9.044194244041791064e-01	9.991616747844278557e-02
9.047381620828022220e-01	-2.383313876904910034e-01
9.058602360859822067e-01	6.386718526050882971e-01
9.061799944117940875e-01	2.077371995816701400e-01
9.073020278210518486e-01	-8.785448446897270447e-02
9.076211424432389929e-01	1.155554411405292914e-01
9.087438949448342074e-01	2.479570755855586839e-02
9.090630443618118450e-01	7.921484195863983668e-01
9.101848342075359310e-01	4.370399267865372472e-01
9.105039604279865362e-01	-1.434973785242829036e-01
9.116259996363760276e-01	-4.611961099283423682e-02
9.119450272715867722e-01	6.091328911166926652e-02
9.130673622356957342e-01	-2.056386899526221335e-01
9.133866508318355670e-01	-1.526397138695168021e-02
9.145095309143294049e-01	-2.992221621832616973e-01
9.148284831608274326e-01	1.557499855886335105e-01
9.159503020022101705e-01	2.025201919701051789e-01
9.162693238382892957e-01	-5.349316882130551454e-01
9.173918153789556440e-01	-1.719531246337747676e-01
9.177108662106934212e-01	-6.425720871970352910e-02
9.188333867470185323e-01	-1.442520128819536618e-01
9.191522230108813973e-01	5.388656310885155953e-01
9.202745985689126940e-01	1.007819815066972602e-01
9.205935334180154195e-01	-2.080717061164717441e-01
9.217155146350873851e-01	-1.104973899262344794e-01
9.220351047860783078e-01	9.632192058996547068e-02
9.231575615319541628e-01	-8.313056713335187364e-02
9.234763514027629627e-01	-1.192621477006363673e-01
9.245988545416928828e-01	2.797792096296514153e-02
9.249177951899273387e-01	-1.144980456948720970e-01
9.260406926698164787e-01	-1.053146299029100730e-01
9.263585488804129131e-01	-3.487750476048698811e-01
9.274815275481466115e-01	-6.077632884777384170e-02
9.278005435850938953e-01	3.056917598342945297e-02
9.289230177283649414e-01	-3.970340241452161578e-01
9.292420163679170342e-01	-1.528850924293069236e-01
9.303642991398400897e-01	-2.136999347693181450e-01
9.306833499715779778e-01	-2.847657427230497751e-01
9.318054587695484559e-01	-1.749754742959958032e-01
9.321252054970968759e-01	-4.204341887753076934e-01
9.327936308205169169e-01	2.768281674458661357e-02
9.332470707315336789e-01	-6.635835346333498475e-01
9.335662781398289534e-01	-4.804900220657194465e-01
9.342350050181001953e-01	3.183208704759610264e-02
9.346882477586373472e-01	-1.187918058227208640e-01
9.350074261712737478e-01	-2.493641107518391742e-01
9.356764488052644602e-01	4.743821720972423162e-01
9.361300626902339106e-01	-1.557472033757459906e-01
9.364488003688570261e-01	-1.161785315132168872e-02
9.371179099898240272e-01	-1.367551658196366482e-01
9.375707583894019592e-01	1.332956918490904030e-01
9.378900991777274765e-01	-2.256308237409931916e-02
9.385592493926168123e-01	2.855088061440413938e-02
9.390120977921946333e-01	4.348410816320618100e-01
9.393322098650436214e-01	-2.323084368344936479e-01
9.400002640440312529e-01	3.300768342660931332e-01
9.404541794838520152e-01	1.664913541675419051e-01
9.407727199919954097e-01	-5.465432246739476696e-02
9.414418528094894434e-01	-9.928317964545052554e-02
9.418955652796987543e-01	1.560397985192985004e-02
9.422142565652678048e-01	1.692894904588237992e-02
9.428832965966538193e-01	3.586419476737983114e-01
9.433365741319815756e-01	4.311779229361101251e-02
9.436556017671923202e-01	2.083425319533800391e-01
9.443246417985783348e-01	7.777260185702306039e-02
9.447781918930985290e-01	-8.371215117744990053e-02
9.450974051005254228e-01	2.594560574726907376e-01
9.457662827562223207e-01	2.065116608856927272e-01
9.462197748594248781e-01	-3.056836446572944732e-01
9.465382863719096207e-01	-2.196476409241449046e-01
9.472073611980861285e-01	2.202736917456495913e-01
9.476611084630859327e-01	4.398698524995021675e-01
9.479796663686246294e-01	-3.352101896567649675e-04
9.486488513783044585e-01	3.766035577939426116e-01
9.491022390971355360e-01	-4.412109131514588833e-01
9.494214697019577320e-01	-1.854824218831340188e-01
9.500902893663369930e-01	-9.983814056438466977e-02
9.505434161242390934e-01	1.835650268173931732e-01
9.508625481438215399e-01	-1.880722186666228257e-02
9.515312808212245121e-01	3.118974894791060049e-01
9.519845351600252359e-01	-1.753074509177720008e-01
9.523041659049384933e-01	4.109842616602328302e-01
9.529726434205442187e-01	-7.527212053534249048e-02
9.534266458473412698e-01	2.086383861189464728e-01
9.537453661285690831e-01	-1.943518597858256980e-01
9.544143365703740001e-01	5.481484357210542058e-02
9.548680664379786132e-01	2.828547847040039365e-01
9.551869722914225758e-01	-3.249272894948931345e-01
9.558554614052918730e-01	9.928833669110015414e-02
9.563091912728963750e-01	1.738498359737195020e-01
9.566281899124484678e-01	1.526873262650711993e-01
9.572970791664088264e-01	-1.892267832003589056e-01
9.577498173824833261e-01	-3.898493425998008632e-01
9.580692799525757364e-01	-4.675606617283600830e-02
9.587383431804887834e-01	9.819803013793375612e-01
9.591920034585122989e-01	-6.789014038394880490e-02
9.595107121414765405e-01	-1.448674070450993723e-01
9.601797289763355225e-01	-2.349950601389997340e-01
9.606332674725922560e-01	-5.875165892765288334e-02
9.609521037364551210e-01	9.004136704071679098e-01
9.616220194367360863e-01	-2.961360670100821046e-01
9.620747924476010793e-01	1.489144669547119992e-01
9.623944405899096388e-01	1.863024590438693284e-01
9.630617002878469890e-01	-3.854519022732459943e-01
9.635164392043767956e-01	-4.152656777485503881e-01
9.638352116777904044e-01	-2.802985573080343240e-01
9.645038283725583250e-01	2.723124021122445004e-01
9.649573088774974217e-01	-5.013669893826329105e-01
9.652772295789985302e-01	5.926440522820852763e-02
9.659452199675369055e-01	2.736300593211169474e-01
9.663989962281954726e-01	9.682726000330910132e-02
9.667168118448695724e-01	-4.809953406408651322e-02
9.673868725234443522e-01	-1.008251960546581172e-01
9.678401674561672996e-01	1.135250841209012318e-01
9.681592762792227136e-01	-3.490523405775395327e-01
9.688277943887507737e-01	4.412612545151695098e-01
9.692816344398587081e-01	-1.742453382131247119e-01
9.696002967297689956e-01	-2.559240237942638219e-01
9.702695513290299223e-01	2.048037811567959832e-01
9.707233449870836806e-01	-1.266984990231417862e-01
9.710417521151968323e-01	-5.726520110593846802e-02
9.717111052996975085e-01	-1.321759882912509898e-01
9.721644756211332838e-01	2.417098071866279341e-01
9.724835148546076002e-01	-3.411472097670931181e-01
9.731522475320105725e-01	1.944866327037568787e-01
9.736059136091659294e-01	-1.586359999429490797e-01
9.739241467633262817e-01	6.990940559349145822e-02
9.745940044722897211e-01	1.778073072834625012e-01
9.750474501824383244e-01	-1.069863871755970530e-01
9.753660428827675144e-01	1.869296648752221124e-01
9.760352104950520413e-01	3.345503942322043400e-01
9.764889751574471477e-01	-4.674563774118623005e-01
9.768073068968474715e-01	-1.938058982331456459e-01
9.774760917664362392e-01	1.974545486992671517e-01
9.779299666123346668e-01	-2.858056694900594774e-01
9.782489130597008531e-01	1.008676004772983692e-01
9.789173789770432288e-01	-3.505586095041302030e-01
9.793710740498572376e-01	-1.900126653575191504e-01
9.796901596763856190e-01	-7.172237051333807401e-02
9.803595766513355514e-01	2.845800382094167968e-01
9.808129063788491031e-01	-2.004502428297907368e-01
9.811319050184010848e-01	-3.161100354173487226e-01
9.818005681062230705e-01	-3.450294988712644395e-01
9.822541066024796930e-01	-1.815402619951407281e-01
9.825731864298763441e-01	-3.525097221042530204e-01
9.832418089237759951e-01	6.369530986419691398e-01
9.836952082408705333e-01	-7.142307908982803433e-02
9.840144794396150640e-01	-8.398975662811436482e-02
9.846833454970483901e-01	2.974454655490221811e-02
9.851374639064804928e-01	-9.337397077959574965e-02
9.854554360997119788e-01	-1.259962984730144120e-01
9.861246559041824122e-01	4.571945074748531290e-01
9.865784147674456772e-01	-3.440638793714406729e-01
9.868972974243626073e-01	3.956579243004321178e-02
9.875658503286812717e-01	5.117422494918533182e-02
9.880195801962857738e-01	-1.309115773327088617e-01
9.883386136306283598e-01	5.327911838589596272e-01
9.890072883167138063e-01	-1.812120976049023113e-01
9.894609427956055914e-01	-1.739379223617473214e-01
9.897805039509377512e-01	-3.833494253323960210e-01
9.904487958943274384e-01	3.001369426720492672e-01
9.909026301463035313e-01	-5.117431753385082160e-02
9.912212286457645627e-01	3.140092157686047436e-01
9.918904194545761221e-01	3.173637295393989532e-01
9.923437955751437389e-01	1.020868896133777515e-01
9.926627420225099252e-01	-7.051251821270465570e-02
9.933316196782068230e-01	5.004182136054671215e-01
9.937852625588350364e-01	-3.312525315631515976e-01
9.941036000973670905e-01	2.316065186732945147e-01
9.947728778931549387e-01	-8.144006118097124602e-02
9.952263989920163700e-01	-2.902824167317186177e-01
9.955461283221694879e-01	-3.188983390613936431e-01
9.962145188507989246e-01	2.792181657994186050e-01
9.966679877574745605e-01	-3.593348664687443517e-01
9.969868356196009973e-01	4.115760949825635340e-01
9.976558118605376446e-01	-1.376204798830993337e-01
9.981092691689498198e-01	-1.934319245688554956e-01
9.984280184458363960e-01	5.823210292427427603e-02
9.990971280668033971e-01	-2.330463848672371663e-01
9.995507245543776564e-01	7.450858171355023707e-02
9.998704190897401700e-01	-7.709849191990347794e-02
